Time(fs) GroundStateProportion FirstExitedProportion
0.0 1.0 0.0
0.05000000000000001 0.9999999997550713 2.420022912429535e-16
0.10000000000000002 0.9999999991523052 9.73678179627398e-16
0.15000000000000002 0.9999999984263771 2.196378100415422e-15
0.20000000000000004 0.9999999977273194 3.90857872268006e-15
0.25 0.9999999971552542 6.107252337259357e-15
0.3 0.9999999967803 8.786298005674785e-15
0.35 0.9999999966160946 1.1938000143861879e-14
0.39999999999999997 0.9999999966520305 1.555411807508583e-14
0.44999999999999996 0.9999999968591913 1.962508925175845e-14
0.49999999999999994 0.9999999971830399 2.4140551829670346e-14
0.5499999999999999 0.9999999975699393 2.909040812133272e-14
0.6 0.9999999979667243 3.446437539325987e-14
0.6499999999999999 0.9999999983195901 4.025191289322545e-14
0.7 0.9999999985922944 4.644294652408873e-14
0.7499999999999999 0.9999999987597467 5.302761627885067e-14
0.7999999999999999 0.9999999988073034 5.999573161697364e-14
0.85 0.9999999987405657 6.73370969501452e-14
0.8999999999999999 0.9999999985738315 7.504141971700854e-14
0.95 0.999999998329407 8.309759983730016e-14
0.9999999999999999 0.9999999980406787 9.149382603513226e-14
1.0499999999999998 0.9999999977393587 1.0021772358776742e-13
1.0999999999999999 0.9999999974562234 1.0925587747469008e-13
1.15 0.9999999972213636 1.1859384579328412e-13
1.2 0.9999999970536037 1.2821664024555963e-13
1.2499999999999998 0.9999999969649652 1.381086470573775e-13
1.2999999999999998 0.9999999969603455 1.482536483616206e-13
1.3499999999999999 0.9999999970317903 1.5863549386714086e-13
1.4 0.9999999971661012 1.692383211678082e-13
1.4499999999999997 0.999999997344951 1.8004649978988017e-13
1.4999999999999998 0.9999999975431716 1.910451730595707e-13
1.55 0.999999997737607 2.0222051516194402e-13
1.5999999999999999 0.9999999979063653 2.1355949686827887e-13
1.65 0.9999999980287805 2.250499868715638e-13
1.7 0.9999999980929948 2.3668091092798225e-13
1.75 0.9999999980924527 2.484417725818056e-13
1.7999999999999998 0.9999999980261596 2.603223842335929e-13
1.8499999999999999 0.99999999790286 2.7231284588190763e-13
1.9 0.9999999977349107 2.844031455260149e-13
1.95 0.9999999975383295 2.965826636355727e-13
1.9999999999999998 0.9999999973339837 3.088402547158298e-13
2.05 0.9999999971403207 3.211641290534635e-13
2.0999999999999996 0.9999999969745134 3.3354151130265447e-13
2.15 0.9999999968519634 3.459589536469325e-13
2.1999999999999997 0.9999999967806391 3.584026201621365e-13
2.25 0.9999999967640265 3.7085829091677253e-13
2.3 0.9999999968008179 3.8331172983065606e-13
2.3499999999999996 0.9999999968818585 3.957493451994363e-13
2.4 0.9999999969953017 4.08158313336986e-13
2.4499999999999997 0.99999999712655 4.205268351356392e-13
2.4999999999999996 0.9999999972574937 4.3284467670971843e-13
2.55 0.9999999973725077 4.451032752313684e-13
2.5999999999999996 0.9999999974575693 4.572955805910497e-13
2.6499999999999995 0.9999999975005981 4.694162284565578e-13
2.6999999999999997 0.9999999974962757 4.81461455239301e-13
2.7499999999999996 0.9999999974431762 4.934285316198657e-13
2.8 0.9999999973441326 5.053155709175494e-13
2.8499999999999996 0.9999999972086719 5.171213278894067e-13
2.8999999999999995 0.9999999970482554 5.288445963695952e-13
2.9499999999999997 0.9999999968764984 5.404838603214632e-13
2.9999999999999996 0.9999999967096944 5.520372857318665e-13
3.0499999999999994 0.9999999965612435 5.635024158761479e-13
3.1 0.9999999964429721 5.74876020002715e-13
3.1500000000000004 0.9999999963645294 5.861544266118442e-13
3.2000000000000006 0.9999999963292064 5.973337361308186e-13
3.250000000000001 0.9999999963368724 6.084099076926704e-13
3.300000000000001 0.9999999963835137 6.193793642646672e-13
3.3500000000000014 0.9999999964592479 6.302395135162569e-13
3.4000000000000017 0.9999999965528458 6.409889331547519e-13
3.4500000000000024 0.9999999966513303 6.516278335995897e-13
3.5000000000000027 0.9999999967399105 6.621585482968706e-13
3.550000000000003 0.9999999968067202 6.72585510787011e-13
3.600000000000003 0.9999999968417007 6.829152550126596e-13
3.6500000000000035 0.9999999968371125 6.931565733506458e-13
3.7000000000000037 0.9999999967912552 7.033201899683314e-13
3.750000000000004 0.9999999967055455 7.134182807703314e-13
3.8000000000000047 0.9999999965849347 7.234642992474781e-13
3.850000000000005 0.9999999964396505 7.334725581156814e-13
3.9000000000000052 0.999999996280717 7.434575794382813e-13
3.9500000000000055 0.9999999961205119 7.534338777802942e-13
4.000000000000006 0.99999999597274 7.634158054131829e-13
4.050000000000006 0.9999999958478784 7.734171746485326e-13
4.100000000000007 0.9999999957545244 7.834512463153779e-13
4.150000000000007 0.9999999956987136 7.93531072122798e-13
4.200000000000007 0.999999995680837 8.036695798134158e-13
4.250000000000007 0.9999999956983431 8.138798131071175e-13
4.300000000000008 0.9999999957453821 8.241755968067183e-13
4.3500000000000085 0.9999999958114768 8.345719418433997e-13
4.400000000000008 0.9999999958856861 8.45085252232702e-13
4.450000000000009 0.9999999959560709 8.557339279600477e-13
4.500000000000009 0.9999999960099111 8.665386833854418e-13
4.55000000000001 0.999999996037851 8.775224732953639e-13
4.600000000000009 0.9999999960325772 8.887105824483033e-13
4.65000000000001 0.9999999959894332 9.001307030210145e-13
4.700000000000011 0.9999999959092685 9.118124280455648e-13
4.750000000000011 0.9999999957955943 9.237868683152326e-13
4.800000000000011 0.9999999956550011 9.360864977359559e-13
4.850000000000011 0.9999999954982092 9.487445486756607e-13
4.900000000000012 0.9999999953360814 9.61794451326356e-13
4.950000000000012 0.9999999951800803 9.752697464171956e-13
5.000000000000012 0.999999995042071 9.892038018275427e-13
5.050000000000013 0.999999994930294 1.0036294707434266e-12
5.100000000000013 0.9999999948508748 1.0185793051422134e-12
5.150000000000014 0.9999999948072072 1.0340858164266117e-12
5.2000000000000135 0.9999999947972205 1.0501814898482393e-12
5.250000000000014 0.9999999948165805 1.0668992291935222e-12
5.300000000000015 0.9999999948579357 1.084272967769439e-12
5.350000000000015 0.9999999949102667 1.1023378828536e-12
5.4000000000000155 0.9999999949628184 1.1211306922790015e-12
5.450000000000015 0.9999999950045293 1.1406902008485643e-12
5.500000000000016 0.9999999950242869 1.16105739364841e-12
5.550000000000016 0.9999999950148757 1.1822752691278725e-12
5.6000000000000165 0.9999999949712214 1.204388986488503e-12
5.650000000000017 0.999999994891154 1.2274456874507544e-12
5.700000000000017 0.9999999947777051 1.2514939011619454e-12
5.750000000000018 0.9999999946361012 1.2765833015906874e-12
5.800000000000018 0.9999999944742896 1.3027644600514268e-12
5.850000000000018 0.9999999943034393 1.330088178722995e-12
5.900000000000018 0.9999999941342123 1.3586051497817556e-12
5.950000000000019 0.9999999939772755 1.388366011041129e-12
6.0000000000000195 0.9999999938428561 1.4194210142369363e-12
6.050000000000019 0.9999999937372398 1.4518199296447047e-12
6.10000000000002 0.999999993664396 1.4856125039697318e-12
6.15000000000002 0.9999999936253401 1.5208486540647417e-12
6.200000000000021 0.9999999936160147 1.5575785753027846e-12
6.25000000000002 0.9999999936303603 1.5958534101308568e-12
6.300000000000021 0.9999999936598437 1.635725664117352e-12
6.350000000000022 0.9999999936930208 1.6772493128815655e-12
6.400000000000022 0.9999999937194303 1.7204801495282468e-12
6.450000000000022 0.9999999937287357 1.7654761035475731e-12
6.500000000000022 0.9999999937114913 1.8122970055346735e-12
6.550000000000023 0.999999993662383 1.86100435507989e-12
6.600000000000023 0.9999999935783769 1.9116613299633142e-12
6.6500000000000234 0.9999999934595833 1.9643322661743985e-12
6.700000000000024 0.9999999933109797 2.0190820106088097e-12
6.750000000000024 0.999999993139314 2.0759757611209596e-12
6.800000000000025 0.9999999929536574 2.13507871540274e-12
6.8500000000000245 0.9999999927655959 2.1964554145575224e-12
6.900000000000025 0.9999999925853433 2.2601698149533155e-12
6.950000000000025 0.9999999924227448 2.3262854387969594e-12
7.000000000000026 0.9999999922864465 2.3948652100051986e-12
7.0500000000000265 0.9999999921808229 2.465971803923502e-12
7.100000000000026 0.9999999921079354 2.539668397379748e-12
7.150000000000027 0.9999999920665565 2.6160188691039274e-12
7.200000000000027 0.9999999920503411 2.695088235983982e-12
7.2500000000000275 0.9999999920516374 2.7769435453350092e-12
7.300000000000027 0.9999999920615766 2.8616542532814736e-12
7.350000000000028 0.9999999920696384 2.9492922599336854e-12
7.400000000000029 0.9999999920652147 3.03993207651041e-12
7.450000000000029 0.9999999920354169 3.1336504413737994e-12
7.500000000000029 0.9999999919703254 3.230525391613374e-12
7.550000000000029 0.9999999918726052 3.330636444768112e-12
7.60000000000003 0.9999999917512593 3.4340654749325936e-12
7.65000000000003 0.9999999916049082 3.540897076466568e-12
7.70000000000003 0.9999999914168831 3.6512171847264435e-12
7.750000000000031 0.9999999911813604 3.76510887403703e-12
7.800000000000031 0.9999999909406263 3.882647214627985e-12
7.850000000000032 0.9999999907596159 4.0038993761914175e-12
7.900000000000031 0.9999999906364664 4.128934974220891e-12
7.950000000000032 0.9999999904809569 4.257839563891885e-12
8.000000000000032 0.999999990237932 4.390716087408545e-12
8.050000000000033 0.9999999900124474 4.527666230619636e-12
8.100000000000033 0.9999999899763335 4.6687637327157595e-12
8.150000000000034 0.999999990115433 4.814048627902704e-12
8.200000000000033 0.9999999901869241 4.9635581968501056e-12
8.250000000000034 0.999999990022228 5.11737126874402e-12
8.300000000000034 0.9999999897682355 5.2756225454355705e-12
8.350000000000035 0.999999989695793 5.438471083466549e-12
8.400000000000036 0.9999999898362497 5.606052930094397e-12
8.450000000000035 0.9999999899616678 5.778460897330211e-12
8.500000000000036 0.9999999898882325 5.955763504193573e-12
8.550000000000036 0.9999999896286107 6.1380352192200626e-12
8.600000000000037 0.9999999892726417 6.325366349784789e-12
8.650000000000036 0.9999999889162016 6.517855233714057e-12
8.700000000000037 0.99999998869016 6.715608507753058e-12
8.750000000000037 0.9999999886535126 6.918757350763563e-12
8.800000000000038 0.9999999886560156 7.1274641038539455e-12
8.850000000000039 0.9999999884779316 7.341898034734602e-12
8.900000000000038 0.9999999880943595 7.562197991084184e-12
8.950000000000038 0.999999987666593 7.78846121844541e-12
9.000000000000039 0.9999999873386758 8.020764057989862e-12
9.05000000000004 0.9999999871901856 8.259179818633829e-12
9.10000000000004 0.9999999872693154 8.50377581228331e-12
9.15000000000004 0.9999999874910773 8.754618980142096e-12
9.20000000000004 0.9999999876223621 9.011808707496888e-12
9.25000000000004 0.9999999875124016 9.27550183302383e-12
9.300000000000042 0.9999999872202873 9.5458966027158e-12
9.35000000000004 0.9999999868751461 9.823200788502494e-12
9.400000000000041 0.9999999865841033 1.0107622896608933e-11
9.450000000000042 0.9999999864635808 1.0399377169785194e-11
9.500000000000043 0.9999999865468446 1.0698670600718606e-11
9.550000000000043 0.9999999866737774 1.1005678602310767e-11
9.600000000000042 0.999999986634294 1.1320543219162438e-11
9.650000000000043 0.9999999863555098 1.1643395854203403e-11
9.700000000000044 0.9999999858613813 1.197437145476459e-11
9.750000000000044 0.9999999852259916 1.2313601187469132e-11
9.800000000000045 0.9999999846385987 1.2661212477239828e-11
9.850000000000044 0.9999999843045213 1.3017354334406898e-11
9.900000000000045 0.9999999842492978 1.3382218542155351e-11
9.950000000000045 0.9999999843613476 1.37560300230466e-11
10.000000000000046 0.9999999845190201 1.4139031112378999e-11
10.050000000000045 0.9999999845664643 1.4531488981329637e-11
10.100000000000046 0.9999999843602095 1.4933700711754796e-11
10.150000000000047 0.9999999839304493 1.5345965833400356e-11
10.200000000000047 0.9999999834440907 1.576855573246289e-11
10.250000000000048 0.9999999830407995 1.6201718350964917e-11
10.300000000000047 0.9999999828279893 1.6645693270028646e-11
10.350000000000048 0.9999999828804516 1.7100702973946376e-11
10.400000000000048 0.9999999831141627 1.7566945661127883e-11
10.450000000000049 0.9999999833170908 1.8044622245529733e-11
10.50000000000005 0.999999983330855 1.8533965537638835e-11
10.550000000000049 0.9999999830679216 1.9035236198410055e-11
10.60000000000005 0.9999999824850263 1.954871288606915e-11
10.65000000000005 0.9999999816909644 2.0074707431656866e-11
10.70000000000005 0.9999999809155721 2.061357766598483e-11
10.75000000000005 0.9999999803252603 2.1165711007355757e-11
10.80000000000005 0.9999999800074566 2.1731506779215613e-11
10.850000000000051 0.9999999800030872 2.2311385128878575e-11
10.900000000000052 0.9999999802058255 2.2905796256545564e-11
10.950000000000053 0.999999980398031 2.3515201157104522e-11
11.000000000000052 0.9999999804254924 2.4140049898352298e-11
11.050000000000052 0.9999999802059344 2.4780787692247796e-11
11.100000000000053 0.9999999797027446 2.543786020051304e-11
11.150000000000054 0.9999999790221987 2.6111690349139473e-11
11.200000000000054 0.9999999783726259 2.6802663327416966e-11
11.250000000000053 0.9999999779007755 2.7511149810178136e-11
11.300000000000054 0.9999999776909217 2.8237525923394798e-11
11.350000000000055 0.9999999777800502 2.898216525564883e-11
11.400000000000055 0.999999978054138 2.974544839182179e-11
11.450000000000054 0.9999999782980001 3.052780178961727e-11
11.500000000000055 0.9999999783497356 3.13297119384514e-11
11.550000000000056 0.999999978087763 3.215170768600879e-11
11.600000000000056 0.9999999774408486 3.299436283562838e-11
11.650000000000057 0.9999999765069293 3.385831393029708e-11
11.700000000000056 0.999999975488139 3.474424630957984e-11
11.750000000000057 0.9999999745590142 3.565286572709458e-11
11.800000000000058 0.9999999738970247 3.658490040642686e-11
11.850000000000058 0.9999999736310871 3.754111457570455e-11
11.900000000000059 0.999999973714126 3.852229458674631e-11
11.950000000000058 0.9999999740009747 3.952923104443996e-11
12.000000000000059 0.9999999743347222 4.056272959494529e-11
12.05000000000006 0.9999999745042437 4.162362191272845e-11
12.10000000000006 0.9999999743387012 4.2712742921092786e-11
12.150000000000059 0.9999999738261242 4.38309092751747e-11
12.20000000000006 0.9999999730344658 4.497893141399785e-11
12.25000000000006 0.9999999720839146 4.615761704239047e-11
12.300000000000061 0.9999999711911168 4.73677458872934e-11
12.350000000000062 0.9999999705435454 4.86100702023457e-11
12.40000000000006 0.9999999702049346 4.9885350774863125e-11
12.45000000000006 0.9999999701818107 5.1194368361820995e-11
12.50000000000006 0.9999999703908821 5.253791525457489e-11
12.550000000000061 0.9999999706206042 5.3916822894558965e-11
12.600000000000062 0.9999999706732559 5.5331996955173383e-11
12.650000000000063 0.9999999704232125 5.6784407846213186e-11
12.700000000000061 0.9999999697749358 5.827507687013184e-11
12.750000000000062 0.9999999687571017 5.980509530292453e-11
12.800000000000063 0.9999999675455773 6.137562909768136e-11
12.850000000000064 0.9999999663276387 6.298789152958355e-11
12.900000000000064 0.999999965296034 6.464313640664343e-11
12.950000000000063 0.9999999646493819 6.634268082787215e-11
13.000000000000064 0.9999999644486391 6.808790765135687e-11
13.050000000000065 0.9999999646210976 6.98802487780807e-11
13.100000000000065 0.9999999650496612 7.172119459441823e-11
13.150000000000064 0.9999999655198551 7.361231725786852e-11
13.200000000000065 0.9999999657732119 7.555525421610495e-11
13.250000000000066 0.9999999656569833 7.755167584388895e-11
13.300000000000066 0.999999965092514 7.960328680361885e-11
13.350000000000067 0.9999999640714156 8.171182164184013e-11
13.400000000000066 0.9999999627463156 8.387899650721049e-11
13.450000000000067 0.9999999613375805 8.610648303882901e-11
13.500000000000068 0.9999999600350232 8.839592861473113e-11
13.550000000000068 0.9999999590399781 9.074894961550749e-11
13.600000000000069 0.9999999584798133 9.316710933933022e-11
13.650000000000068 0.9999999583195918 9.565194985050784e-11
13.700000000000069 0.999999958457405 9.820503661114188e-11
13.75000000000007 0.9999999587346845 1.008279575060425e-10
13.80000000000007 0.9999999589073186 1.0352233252812681e-10
13.850000000000069 0.99999995878359 1.0628985804320063e-10
13.90000000000007 0.99999995827441 1.091323220645798e-10
13.95000000000007 0.9999999573374382 1.1205158469815636e-10
14.000000000000071 0.9999999560529039 1.1504958655740273e-10
14.050000000000072 0.9999999546240924 1.1812837312719184e-10
14.10000000000007 0.9999999532440059 1.2129008780292086e-10
14.150000000000071 0.9999999521011059 1.2453695868692563e-10
14.200000000000072 0.999999951369278 1.2787132426069978e-10
14.250000000000073 0.999999951078815 1.3129566405142078e-10
14.300000000000074 0.999999951147381 1.3481259048853916e-10
14.350000000000072 0.9999999514484538 1.3842484676256288e-10
14.400000000000073 0.9999999517535828 1.4213533965554929e-10
14.450000000000074 0.9999999518115114 1.4594713622388703e-10
14.500000000000075 0.9999999514691649 1.498634151223108e-10
14.550000000000074 0.9999999506233418 1.5388745273302396e-10
14.600000000000074 0.9999999492600005 1.580226225065222e-10
14.650000000000075 0.9999999475316707 1.6227233462983787e-10
14.700000000000076 0.9999999456443276 1.6663998685999242e-10
14.750000000000076 0.9999999438151814 1.711289791837044e-10
14.800000000000075 0.9999999423055416 1.7574270589862372e-10
14.850000000000076 0.9999999412866734 1.8048452212170147e-10
14.900000000000077 0.9999999407933532 1.8535777312822067e-10
14.950000000000077 0.9999999408010604 1.90365846451326e-10
15.000000000000078 0.999999941159692 1.9551217455531634e-10
15.050000000000077 0.9999999416063329 2.0080024441275897e-10
15.100000000000078 0.9999999419077424 2.062336437301185e-10
15.150000000000079 0.9999999418423303 2.11816074509981e-10
15.20000000000008 0.9999999412218447 2.1755132061096853e-10
15.250000000000078 0.9999999400256189 2.2344323805364905e-10
15.300000000000079 0.999999938344206 2.2949576680989733e-10
15.35000000000008 0.9999999363161135 2.357129027916905e-10
15.40000000000008 0.9999999341837025 2.420986579606668e-10
15.450000000000081 0.9999999322027255 2.4865707465008647e-10
15.50000000000008 0.9999999305708863 2.5539224740642583e-10
15.55000000000008 0.9999999294720758 2.623083073038819e-10
15.600000000000081 0.9999999289499929 2.6940946828480695e-10
15.650000000000082 0.9999999288298669 2.7670014066487686e-10
15.700000000000083 0.9999999289004786 2.841849729362167e-10
15.750000000000082 0.9999999290019198 2.918688209031438e-10
15.800000000000082 0.9999999289793814 2.9975674732158567e-10
15.850000000000083 0.9999999286500852 3.0785403025637314e-10
15.900000000000084 0.9999999277397956 3.161661865755465e-10
15.950000000000083 0.9999999260638961 3.246990775991552e-10
16.000000000000085 0.9999999238819074 3.3345897376141045e-10
16.050000000000086 0.9999999217210643 3.424524193773071e-10
16.100000000000083 0.9999999198157767 3.5168602472929876e-10
16.150000000000084 0.9999999180069401 3.61166395094266e-10
16.200000000000085 0.999999916178635 3.709002123238852e-10
16.250000000000085 0.9999999146715547 3.8089439446644845e-10
16.300000000000086 0.999999914067045 3.911562698259768e-10
16.350000000000087 0.9999999143705555 4.0169364514617935e-10
16.400000000000087 0.9999999147798978 4.1251464704697813e-10
16.450000000000088 0.9999999145698245 4.2362743382662157e-10
16.50000000000009 0.999999913762926 4.35040057311665e-10
16.550000000000086 0.9999999127295236 4.46760599829227e-10
16.600000000000087 0.9999999115451448 4.5879741728642293e-10
16.650000000000087 0.9999999099178605 4.711592682991205e-10
16.700000000000088 0.9999999076170506 4.838552274284797e-10
16.75000000000009 0.9999999047863933 4.968944497607951e-10
16.80000000000009 0.9999999017588753 5.102860420438715e-10
16.85000000000009 0.9999998989159977 5.240391114843422e-10
16.90000000000009 0.9999998967985978 5.381627165874733e-10
16.95000000000009 0.9999998957569525 5.526657073852703e-10
17.000000000000092 0.9999998954639554 5.675568585216647e-10
17.05000000000009 0.9999998952829082 5.828453056348277e-10
17.10000000000009 0.9999998949488059 5.985408177035625e-10
17.15000000000009 0.9999998945785614 6.146537265802576e-10
17.20000000000009 0.9999998942477307 6.311947398354612e-10
17.250000000000092 0.9999998937623137 6.481748225005178e-10
17.300000000000093 0.9999998928119989 6.656051808095941e-10
17.350000000000094 0.9999998911513803 6.834972832785412e-10
17.400000000000095 0.9999998885383345 7.018628005001407e-10
17.450000000000095 0.9999998849413947 7.207134476246931e-10
17.500000000000092 0.999999880950973 7.400609304381722e-10
17.550000000000093 0.999999877412565 7.599171442303948e-10
17.600000000000094 0.9999998746941352 7.802944194630835e-10
17.650000000000095 0.9999998727376507 8.012055414033014e-10
17.700000000000095 0.9999998714085246 8.22663681060276e-10
17.750000000000096 0.9999998704646103 8.446824894462697e-10
17.800000000000097 0.9999998696181386 8.672762157564242e-10
17.850000000000097 0.9999998688126449 8.904596402329783e-10
17.900000000000098 0.999999868227378 9.142479167714794e-10
17.950000000000095 0.9999998678964425 9.386565616894257e-10
18.000000000000096 0.9999998674095323 9.637017181908082e-10
18.050000000000097 0.9999998662054334 9.89400495573724e-10
18.100000000000097 0.9999998640061148 1.015770988300536e-9
18.150000000000098 0.9999998607359054 1.0428320568224761e-9
18.2000000000001 0.9999998565296501 1.0706032869106754e-9
18.2500000000001 0.999999852036594 1.0991050193164065e-9
18.3000000000001 0.99999984806599 1.1283581000020467e-9
18.3500000000001 0.9999998449343438 1.158383566507329e-9
18.4000000000001 0.9999998425718307 1.1892026402210038e-9
18.4500000000001 0.9999998408281752 1.2208369126137298e-9
18.5000000000001 0.9999998394001378 1.253308440883132e-9
18.5500000000001 0.9999998379483074 1.2866397422295287e-9
18.6000000000001 0.9999998364254628 1.320853830550179e-9
18.6500000000001 0.9999998350373844 1.3559743697779637e-9
18.700000000000102 0.99999983385513 1.39202590807911e-9
18.750000000000103 0.999999832620669 1.4290340380142594e-9
18.800000000000104 0.9999998309731634 1.467025357993169e-9
18.850000000000104 0.9999998285958781 1.5060273823346589e-9
18.9000000000001 0.9999998251404605 1.5460685958687273e-9
18.950000000000102 0.9999998205484287 1.58717835760537e-9
19.000000000000103 0.999999815384647 1.6293863751379973e-9
19.050000000000104 0.9999998103845226 1.6727223209173218e-9
19.100000000000104 0.999999806036052 1.7172160188054735e-9
19.150000000000105 0.9999998027272159 1.7628976285801999e-9
19.200000000000106 0.9999998005614031 1.809797566470523e-9
19.250000000000107 0.9999997990734323 1.8579467275532716e-9
19.300000000000107 0.9999997976633691 1.907377025428359e-9
19.350000000000104 0.9999997960130033 1.958121636635659e-9
19.400000000000105 0.9999997939545359 2.010214911477078e-9
19.450000000000106 0.9999997914337999 2.063692332371793e-9
19.500000000000107 0.9999997886161538 2.1185905642182136e-9
19.550000000000107 0.9999997856841493 2.174947432138738e-9
19.600000000000108 0.9999997825309559 2.232801802489599e-9
19.65000000000011 0.9999997788300201 2.292193428121708e-9
19.70000000000011 0.9999997743750809 2.353162836744792e-9
19.75000000000011 0.9999997691416541 2.4157513201793106e-9
19.80000000000011 0.9999997632197862 2.4800008935805106e-9
19.850000000000108 0.9999997570765132 2.5459540660797773e-9
19.90000000000011 0.9999997515119483 2.613653758189278e-9
19.95000000000011 0.999999747060215 2.683143749070927e-9
20.00000000000011 0.9999997438759038 2.7544691693141206e-9
20.05000000000011 0.9999997419332888 2.827676629508253e-9
20.10000000000011 0.9999997407419975 2.902814596188983e-9
20.150000000000112 0.9999997394219889 2.9799341236180555e-9
20.200000000000113 0.9999997373466182 3.0590890056214166e-9
20.250000000000114 0.9999997342162286 3.140335356609866e-9
20.30000000000011 0.9999997298775763 3.2237314638729385e-9
20.35000000000011 0.9999997245513187 3.3093377424339073e-9
20.400000000000112 0.9999997187418522 3.397216286137888e-9
20.450000000000113 0.9999997127774617 3.4874304228426794e-9
20.500000000000114 0.9999997067510736 3.5800446788968824e-9
20.550000000000114 0.9999997006922882 3.675124894498506e-9
20.600000000000115 0.9999996945469299 3.7727382570154985e-9
20.650000000000116 0.9999996881945825 3.872953333286275e-9
20.700000000000117 0.9999996817109006 3.9758402023433405e-9
20.750000000000114 0.9999996754994941 4.081470726274849e-9
20.800000000000114 0.9999996699871817 4.189918902089238e-9
20.850000000000115 0.9999996654239635 4.301261145584512e-9
20.900000000000116 0.9999996619830425 4.415576561497263e-9
20.950000000000117 0.9999996594948932 4.5329475089287585e-9
21.000000000000117 0.9999996572348913 4.65346023305339e-9
21.050000000000118 0.9999996544147013 4.777204870552886e-9
21.10000000000012 0.9999996504229118 4.904275157162574e-9
21.15000000000012 0.999999644685835 5.03476849131272e-9
21.20000000000012 0.9999996370836899 5.168785624340251e-9
21.250000000000117 0.9999996281459602 5.306429592599216e-9
21.300000000000118 0.9999996185228329 5.447805107126237e-9
21.35000000000012 0.9999996088723768 5.59301863203493e-9
21.40000000000012 0.9999995999295166 5.742178145672416e-9
21.45000000000012 0.9999995920429902 5.895392921950045e-9
21.50000000000012 0.9999995850735838 6.0527741136270235e-9
21.55000000000012 0.999999578777447 6.214435514262453e-9
21.600000000000122 0.9999995728331711 6.38049392024755e-9
21.650000000000123 0.9999995668380252 6.551069503536539e-9
21.70000000000012 0.9999995606119384 6.726286343774629e-9
21.75000000000012 0.9999995542540662 6.906272833367064e-9
21.80000000000012 0.9999995478790045 7.091161883013597e-9
21.850000000000122 0.9999995415056665 7.281091056412431e-9
21.900000000000123 0.9999995351069839 7.476202732952272e-9
21.950000000000124 0.9999995284686474 7.67664431657471e-9
22.000000000000124 0.9999995210812782 7.882568313442846e-9
22.050000000000125 0.999999512481649 8.094131984946403e-9
22.100000000000126 0.9999995024887558 8.311496870384099e-9
22.150000000000126 0.9999994910607206 8.534828594910526e-9
22.200000000000124 0.9999994784987983 8.764296448163061e-9
22.250000000000124 0.9999994656097736 9.00007251188151e-9
22.300000000000125 0.9999994531977047 9.242331538919922e-9
22.350000000000126 0.9999994418620981 9.491251642306711e-9
22.400000000000126 0.9999994321332784 9.747014567276613e-9
22.450000000000127 0.9999994240418623 1.0009806113549509e-8
22.500000000000128 0.9999994169966641 1.0279817657782111e-8
22.55000000000013 0.9999994103053448 1.0557247449529708e-8
22.60000000000013 0.9999994031880152 1.0842300955213082e-8
22.650000000000126 0.9999993947734325 1.1135191439417545e-8
22.700000000000127 0.9999993846499876 1.1436140642833655e-8
22.750000000000128 0.9999993728874865 1.1745378603309292e-8
22.80000000000013 0.9999993597033671 1.2063143137941467e-8
22.85000000000013 0.9999993455931434 1.2389679681533558e-8
22.90000000000013 0.9999993312177445 1.2725241231350027e-8
22.95000000000013 0.9999993169587466 1.307008822783425e-8
23.00000000000013 0.9999993029478268 1.3424488517747486e-8
23.050000000000132 0.9999992892128495 1.3788717598545507e-8
23.10000000000013 0.9999992755536791 1.4163059079562676e-8
23.15000000000013 0.9999992616581714 1.4547805006545265e-8
23.20000000000013 0.9999992474273208 1.4943255909167197e-8
23.25000000000013 0.9999992329797833 1.5349721022636508e-8
23.300000000000132 0.9999992184757852 1.5767518897212725e-8
23.350000000000133 0.9999992041474283 1.6196977927901822e-8
23.400000000000134 0.9999991902617836 1.6638436702843237e-8
23.450000000000134 0.9999991768390409 1.7092244840140538e-8
23.500000000000135 0.999999163642832 1.7558764162104652e-8
23.550000000000136 0.9999991503034102 1.8038369287285916e-8
23.600000000000133 0.9999991360950671 1.8531448176982624e-8
23.650000000000134 0.9999991201267457 1.9038403430410085e-8
23.700000000000134 0.9999991020537023 1.9559652861969572e-8
23.750000000000135 0.9999990820695301 2.0095628577597223e-8
23.800000000000136 0.9999990604875277 2.064677622080379e-8
23.850000000000136 0.9999990377858861 2.1213555050363607e-8
23.900000000000137 0.9999990145800774 2.1796438067379935e-8
23.950000000000138 0.9999989916765746 2.239591243308377e-8
24.00000000000014 0.9999989702855936 2.3012480531162465e-8
24.050000000000136 0.9999989511283196 2.364666135145952e-8
24.100000000000136 0.9999989334121407 2.4298991833080004e-8
24.150000000000137 0.9999989157183141 2.4970027724397763e-8
24.200000000000138 0.9999988973848525 2.5660344051616762e-8
24.25000000000014 0.9999988784510402 2.6370536080572715e-8
24.30000000000014 0.999998858763501 2.7101221055670685e-8
24.35000000000014 0.9999988372925137 2.7853040457546804e-8
24.40000000000014 0.9999988127273851 2.862666107467407e-8
24.45000000000014 0.999998785254173 2.9422772141524973e-8
24.50000000000014 0.9999987567656481 3.0242080479141504e-8
24.55000000000014 0.9999987287214118 3.108531010178211e-8
24.60000000000014 0.9999987008804574 3.1953207294079647e-8
24.65000000000014 0.9999986723750531 3.2846545230225514e-8
24.70000000000014 0.999998643026186 3.3766124581223195e-8
24.750000000000142 0.9999986133363957 3.471277213694678e-8
24.800000000000143 0.9999985836804147 3.5687340562034005e-8
24.850000000000144 0.9999985538754823 3.66907103815789e-8
24.900000000000144 0.9999985235187524 3.7723792978457243e-8
24.950000000000145 0.9999984923447454 3.8787532901067216e-8
25.000000000000142 0.9999984601573868 3.988290946376621e-8
25.050000000000143 0.9999984269960943 4.101093853939814e-8
25.100000000000144 0.9999983936302492 4.2172674590860067e-8
25.150000000000144 0.9999983610804287 4.336921248972433e-8
25.200000000000145 0.9999983291286331 4.46016893237154e-8
25.250000000000146 0.9999982961589754 4.5871285892662e-8
25.300000000000146 0.9999982607990169 4.717922702507119e-8
25.350000000000147 0.9999982227277038 4.852678159309536e-8
25.400000000000148 0.9999981820272897 4.9915263505008026e-8
25.450000000000145 0.999998138853271 5.134603270159034e-8
25.500000000000146 0.999998093504959 5.282049565618206e-8
25.550000000000146 0.9999980462915621 5.434010657653083e-8
25.600000000000147 0.999997997488972 5.590636924550126e-8
25.650000000000148 0.9999979474253018 5.752083929255163e-8
25.70000000000015 0.999997896903196 5.918512630470418e-8
25.75000000000015 0.9999978474547839 6.090089398942994e-8
25.80000000000015 0.9999978000932863 6.26698615633886e-8
25.85000000000015 0.9999977541225995 6.449381198633193e-8
25.900000000000148 0.999997708071892 6.637460253270632e-8
25.95000000000015 0.9999976606660917 6.831417015287877e-8
26.00000000000015 0.999997610557576 7.031453453211288e-8
26.05000000000015 0.9999975567674123 7.237780273288765e-8
26.10000000000015 0.9999974994172742 7.450617203212208e-8
26.15000000000015 0.9999974391124388 7.670192992997191e-8
26.200000000000152 0.9999973760610172 7.896745471170203e-8
26.250000000000153 0.999997310065759 8.13052175994633e-8
26.300000000000153 0.999997241079606 8.371778539879559e-8
26.350000000000154 0.9999971696976239 8.620782328477992e-8
26.40000000000015 0.9999970968352742 8.877809845813746e-8
26.450000000000152 0.9999970231635529 9.143148499836644e-8
26.500000000000153 0.9999969492366142 9.417096931460963e-8
26.550000000000153 0.9999968752436522 9.699965744824357e-8
26.600000000000154 0.9999968002322321 9.992078579635805e-8
26.650000000000155 0.9999967226700659 1.0293773085855067e-7
26.700000000000156 0.9999966418192897 1.0605401377539777e-7
26.750000000000156 0.9999965577858113 1.0927330407132121e-7
26.800000000000157 0.9999964708537294 1.1259942740270413e-7
26.850000000000154 0.9999963815442177 1.1603637390313235e-7
26.900000000000155 0.9999962905342354 1.1958830424865334e-7
26.950000000000156 0.9999961977763212 1.2325955835283683e-7
27.000000000000156 0.9999961022774865 1.270546691881e-7
27.050000000000157 0.9999960030526888 1.3097837558886332e-7
27.100000000000158 0.9999958996681544 1.3503562976353913e-7
27.15000000000016 0.9999957919303218 1.3923160360497833e-7
27.20000000000016 0.9999956797795597 1.4357169717081004e-7
27.25000000000016 0.9999955633788813 1.4806154785341215e-7
27.30000000000016 0.99999544283141 1.5270703964130453e-7
27.350000000000158 0.999995317828802 1.575143140152858e-7
27.40000000000016 0.9999951878416597 1.624897829200842e-7
27.45000000000016 0.9999950528916203 1.6764014302211685e-7
27.50000000000016 0.9999949138240535 1.729723908254336e-7
27.55000000000016 0.9999947715812386 1.7849383982021092e-7
27.60000000000016 0.9999946269273857 1.8421213968743014e-7
27.650000000000162 0.9999944806125369 1.9013529726557616e-7
27.700000000000163 0.9999943324608369 1.9627170273931823e-7
27.750000000000163 0.9999941808598812 2.0263015943255726e-7
27.80000000000016 0.9999940239659912 2.09219908338659e-7
27.85000000000016 0.9999938603251762 2.1605064867883677e-7
27.900000000000162 0.9999936885548167 2.231325625599211e-7
27.950000000000163 0.9999935079192708 2.3047633798762259e-7
28.000000000000163 0.9999933187002202 2.3809318564926833e-7
28.050000000000164 0.9999931213741654 2.4599485987624435e-7
28.100000000000165 0.9999929161411273 2.5419368776377666e-7
28.150000000000166 0.9999927031025769 2.6270260002437067e-7
28.200000000000166 0.9999924823529818 2.7153516282898753e-7
28.250000000000163 0.9999922540281827 2.807056126419527e-7
28.300000000000164 0.9999920183002153 2.902288942862724e-7
28.350000000000165 0.9999917755068422 3.0012070342381693e-7
28.400000000000166 0.9999915261950647 3.103975315342467e-7
28.450000000000166 0.9999912703866887 3.210767134935467e-7
28.500000000000167 0.9999910071440393 3.321764826246358e-7
28.550000000000168 0.9999907351785653 3.437160321523966e-7
28.60000000000017 0.9999904529689482 3.5571557775045664e-7
28.65000000000017 0.9999901585949718 3.681964214415868e-7
28.70000000000017 0.9999898506649222 3.8118101696243373e-7
28.750000000000167 0.9999895288829586 3.9469303656137304e-7
28.800000000000168 0.9999891933235828 4.0875744300054173e-7
28.85000000000017 0.9999888441329617 4.234005663303975e-7
28.90000000000017 0.999988481692672 4.3865018415901557e-7
28.95000000000017 0.9999881059995659 4.545356122209612e-7
29.00000000000017 0.999987716174919 4.7108780697870263e-7
29.05000000000017 0.9999873109969095 4.88339471466882e-7
29.100000000000172 0.9999868893635795 5.063251628187625e-7
29.150000000000173 0.999986450184123 5.250814097961917e-7
29.20000000000017 0.9999859925171417 5.446468411420175e-7
29.25000000000017 0.9999855158810184 5.650623184200569e-7
29.30000000000017 0.9999850199611982 5.863710774655499e-7
29.350000000000172 0.9999845040937082 6.086188881103293e-7
29.400000000000173 0.9999839672824756 6.318542315406798e-7
29.450000000000173 0.9999834083968963 6.561284885999142e-7
29.500000000000174 0.9999828261041183 6.814961403031209e-7
29.550000000000175 0.9999822189303647 7.080149860146197e-7
29.600000000000176 0.9999815856225515 7.357463778482262e-7
29.650000000000173 0.9999809252403995 7.647554685275168e-7
29.700000000000173 0.9999802367495466 7.95111475934605e-7
29.750000000000174 0.9999795187659932 8.268879709378273e-7
29.800000000000175 0.9999787696789204 8.601631900575749e-7
29.850000000000176 0.9999779874671505 8.950203721577056e-7
29.900000000000176 0.9999771694608531 9.315481211433029e-7
29.950000000000177 0.9999763128832738 9.698407957366407e-7
30.000000000000178 0.9999754153346118 1.0099989284108393e-6
30.05000000000018 0.9999744745561633 1.0521296802423566e-6
30.10000000000018 0.9999734885631335 1.0963473317581886e-6
30.150000000000176 0.9999724559544138 1.1427738107040772e-6
30.200000000000177 0.9999713753301741 1.1915392742475425e-6
30.250000000000178 0.9999702447959188 1.2427827541951717e-6
30.30000000000018 0.9999690621504211 1.296652854219751e-6
30.35000000000018 0.999967824686936 1.353308508224366e-6
30.40000000000018 0.9999665289083549 1.4129198197110512e-6
30.45000000000018 0.9999651709139428 1.4756689741410543e-6
30.50000000000018 0.9999637466673792 1.541751218407875e-6
30.550000000000182 0.9999622518906635 1.6113759292200682e-6
30.60000000000018 0.999960682164027 1.68476778277583e-6
30.65000000000018 0.9999590330146986 1.7621680247398239e-6
30.70000000000018 0.999957299766 1.843835854909415e-6
30.75000000000018 0.9999554774065491 1.9300499458795425e-6
30.800000000000182 0.9999535605585725 2.0211101096277303e-6
30.850000000000183 0.9999515435329824 2.1173391268667246e-6
30.900000000000183 0.9999494203521091 2.219084754206204e-6
30.950000000000184 0.9999471846857265 2.3267219281818275e-6
31.000000000000185 0.9999448299224669 2.440655194008245e-6
31.050000000000182 0.999942349195189 2.5613213833941216e-6
31.100000000000183 0.9999397351316087 2.6891925631284994e-6
31.150000000000183 0.9999369797225551 2.8247792874230247e-6
31.200000000000184 0.9999340743420919 2.9686341966082368e-6
31.250000000000185 0.9999310095858007 3.121355999380898e-6
31.300000000000185 0.9999277751851184 3.2835938763853763e-6
31.350000000000186 0.9999243601256308 3.456052354952859e-6
31.400000000000187 0.9999207526376697 3.639496719745205e-6
31.450000000000188 0.9999169401339543 3.834759024507323e-6
31.50000000000019 0.999912909238791 4.042744768324797e-6
31.550000000000185 0.9999086457160591 4.264440323673185e-6
31.600000000000186 0.9999041343132866 4.5009212272744975e-6
31.650000000000187 0.9998993586548969 4.75336144484004e-6
31.700000000000188 0.9998943011412574 5.023043724489548e-6
31.75000000000019 0.9998889428576834 5.311371187671851e-6
31.80000000000019 0.9998832634915269 5.6198803321010345e-6
31.85000000000019 0.9998772412242352 5.950255630702345e-6
31.90000000000019 0.999870852688504 6.304345938960295e-6
31.95000000000019 0.9998640729318319 6.684182981525879e-6
32.00000000000019 0.999856875149648 7.092002232202832e-6
32.05000000000019 0.9998492302920139 7.530266514762955e-6
32.10000000000019 0.9998411069222769 8.001692686505973e-6
32.15000000000019 0.9998324713257308 8.509281856482655e-6
32.200000000000195 0.999823287475276 9.056353702396036e-6
32.25000000000019 0.9998135166489046 9.646585546081236e-6
32.30000000000019 0.9998031168969771 1.0284056932301686e-5
32.35000000000019 0.9997920427736317 1.0973300551905227e-5
32.40000000000019 0.9997802455606003 1.1719360469857335e-5
32.450000000000195 0.9997676734671409 1.2527858815122688e-5
32.50000000000019 0.9997542709573249 1.3405072398882372e-5
32.550000000000196 0.9997399774723985 1.4358021039424596e-5
32.60000000000019 0.9997247268868493 1.539456958503436e-5
32.6500000000002 0.9997084480265427 1.6523545866530492e-5
32.700000000000195 0.999691064955373 1.7754877298692432e-5
32.75000000000019 0.9996724962350694 1.9099749535797193e-5
32.800000000000196 0.9996526539038458 2.0570791277078482e-5
32.85000000000019 0.9996314428806329 2.2182290033809864e-5
32.9000000000002 0.9996087606796924 2.395044460783325e-5
32.950000000000195 0.9995844971539464 2.589366123176375e-5
33.0000000000002 0.9995585338322805 2.8032901787996523e-5
33.050000000000196 0.9995307427802107 3.0392094331109696e-5
33.1000000000002 0.9995009857564051 3.299861829220701e-5
33.1500000000002 0.9994691135903151 3.588387934777493e-5
33.200000000000195 0.9994349649887027 3.908399224441081e-5
33.2500000000002 0.9993983656379248 4.2640593851596694e-5
33.300000000000196 0.9993591283629879 4.6601813448075185e-5
33.3500000000002 0.9993170527989814 5.1023433280235315e-5
33.4000000000002 0.999271923839085 5.597027990843833e-5
33.4500000000002 0.9992235101218627 6.151789558602559e-5
33.5000000000002 0.9991715629734808 6.775454940199397e-5
33.5500000000002 0.9991158154286433 7.478366069293159e-5
33.6000000000002 0.9990559812372372 8.272672222384066e-5
33.6500000000002 0.9989917535069478 9.172682801427404e-5
33.7000000000002 0.9989228031444545 0.00010195293039972211
33.7500000000002 0.9988487776443893 0.00011360497204895995
33.8000000000002 0.9987692998044523 0.00012692006001620418
33.8500000000002 0.9986839662414594 0.00014217986827418105
33.900000000000205 0.9985923464784942 0.00015971946774949965
33.9500000000002 0.9984939823647918 0.00017993778132464352
34.000000000000206 0.9983883869243222 0.0002033098349335181
34.0500000000002 0.9982750428084246 0.0002304009087998161
34.1000000000002 0.9981534011618091 0.00026188256314025894
34.150000000000205 0.9980228810907275 0.000298550293372955
34.2000000000002 0.9978828692355951 0.0003413422320106271
34.250000000000206 0.9977327194023372 0.0003913578348990334
34.3000000000002 0.9975717527755318 0.00044987486779260856
34.35000000000021 0.9973992583928658 0.0005183622925149422
34.400000000000205 0.9972144933761264 0.0005984859646186971
34.45000000000021 0.9970166836313575 0.0006921036245746184
34.500000000000206 0.9968050255392599 0.0008012458194731826
34.55000000000021 0.9965786882901837 0.0009280804780576778
34.60000000000021 0.9963368167556267 0.0010748610700476622
34.650000000000205 0.996078534826983 0.001243861419969959
34.70000000000021 0.9958029494055894 0.0014373035739114332
34.750000000000206 0.9955091556206223 0.0016572874409714563
34.80000000000021 0.9951962429073121 0.0019057310956125978
34.85000000000021 0.9948633017544619 0.002184328208023013
34.90000000000021 0.9945094321555735 0.0024945248041078677
34.95000000000021 0.9941337533602245 0.0028375131057271244
35.00000000000021 0.9937354135651959 0.00321423725604104
35.05000000000021 0.9933136003005658 0.0036254050831945194
35.10000000000021 0.9928675523555117 0.00407150131702928
35.15000000000021 0.9923965723305913 0.004552799761053492
35.20000000000021 0.9919000397015656 0.005069373762549299
35.25000000000021 0.9913774250949343 0.005621105349846817
35.30000000000021 0.9908283052699899 0.006207693617820912
35.350000000000215 0.9902523779839116 0.006828662664571054
35.40000000000021 0.9896494765752695 0.007483368981820603
35.450000000000216 0.9890195842170473 0.008171007925003958
35.50000000000021 0.9883628477390735 0.00889061882676367
35.55000000000021 0.9876795905945956 0.009641088446345997
35.600000000000215 0.9869703243047748 0.010421152688344726
35.65000000000021 0.9862357582500761 0.011229396793227318
35.700000000000216 0.9854768076367566 0.012064254443332175
35.75000000000021 0.9846945986648692 0.0129240064064482
35.80000000000022 0.9838904704846647 0.013806779430450998
35.850000000000215 0.9830659746025149 0.014710546112087084
35.90000000000022 0.9822228715810286 0.015633126418641955
35.950000000000216 0.9813631240523368 0.016572191453487158
36.00000000000021 0.9804888862352612 0.017525269924977386
36.05000000000022 0.9796024905294785 0.018489757624523467
36.100000000000215 0.9787064305080314 0.01946293006867296
36.15000000000022 0.9778033400421984 0.020441958310792225
36.200000000000216 0.9768959697820693 0.021423927779427004
36.25000000000022 0.9759871616773746 0.022405859866664025
36.30000000000022 0.9750798212963815 0.023384735878465422
36.35000000000022 0.9741768885479796 0.024357522868326265
36.40000000000022 0.9732813078979277 0.02532120080773027
36.450000000000216 0.9723959982502423 0.026272790501116097
36.50000000000022 0.9715238225370278 0.027209381627856525
36.55000000000022 0.9706675580057508 0.028128160294129657
36.60000000000022 0.9698298681817413 0.029026435503346205
36.65000000000022 0.9690132767468134 0.029901663995812754
36.70000000000022 0.968220143672658 0.03075147296272028
36.75000000000022 0.9674526442382811 0.031573680210529684
36.800000000000225 0.9667127512450747 0.03236631143452376
36.85000000000022 0.9660022204290497 0.0331276143469052
36.900000000000226 0.96532257898848 0.033856069492623396
36.95000000000022 0.964675117513911 0.034550397672181585
37.00000000000022 0.9640608858187514 0.03520956397491481
37.050000000000225 0.9634806921729917 0.03583277850832527
37.10000000000022 0.9629351053363868 0.036419493978969424
37.150000000000226 0.9624244600017743 0.0369694003362697
37.20000000000022 0.9619488652519874 0.03748241673971031
37.25000000000023 0.9615082145338346 0.03795868114881611
37.300000000000225 0.9611021975744549 0.03839853786205323
37.35000000000023 0.9607303147120645 0.03880252334691757
37.400000000000226 0.9603918921359016 0.039171350705454015
37.45000000000022 0.9600860978404382 0.03950589311707337
37.50000000000023 0.959811959085181 0.03980716659653292
37.550000000000225 0.9595683802140492 0.0400763123834806
37.60000000000023 0.9593541600007931 0.040314579249517916
37.650000000000226 0.9591680090300866 0.04052330598698096
37.70000000000023 0.9590085666867457 0.040703904315909575
37.75000000000023 0.9588744172038026 0.04085784240809527
37.80000000000023 0.9587641049622427 0.040986629195766
37.85000000000023 0.9586761489303955 0.04109179960307562
37.900000000000226 0.9586090562263768 0.0411749008062649
37.95000000000023 0.9585613347130509 0.04123747960086848
38.00000000000023 0.9585315041602472 0.04128107092720705
38.05000000000023 0.9585181062902267 0.041307187578164546
38.10000000000023 0.9585197139091393 0.041317311093456474
38.15000000000023 0.9585349384750274 0.04131288382738867
38.20000000000023 0.958562436421902 0.04129530215958892
38.250000000000234 0.9586009149002062 0.04126591080484021
38.30000000000023 0.9586491363907356 0.04122599816797875
38.35000000000023 0.9587059220400881 0.04117679268163013
38.40000000000023 0.9587701543766108 0.04111946005932826
38.45000000000023 0.9588407793067567 0.04105510139123511
38.500000000000234 0.9589168069869528 0.04098475200552001
38.55000000000023 0.9589973119195371 0.04090938101903786
38.600000000000236 0.9590814327446244 0.04082989150400008
38.65000000000023 0.959168371525207 0.0407471211980424
38.70000000000024 0.9592573923119638 0.04066184368496372
38.750000000000234 0.9593478195371661 0.040574769978622825
38.80000000000023 0.9594390364108738 0.040486550449846996
38.850000000000236 0.9595304826873764 0.04039777703719248
38.90000000000023 0.9596216520619012 0.04030898568327457
38.95000000000024 0.9597120898020901 0.04022065894724639
39.000000000000234 0.9598013900701182 0.04013322875060828
39.05000000000024 0.9598891928411368 0.040047079214051776
39.100000000000236 0.9599751811449163 0.03996254954785172
39.15000000000024 0.9600590783845542 0.039879936965821566
39.20000000000024 0.9601406453777164 0.03979949959624532
39.250000000000234 0.9602196775607783 0.03972145936563574
39.30000000000024 0.9602960023277562 0.03964600483519163
39.350000000000236 0.960369476251853 0.03957329397365727
39.40000000000024 0.9604399824044039 0.03950345685313962
39.45000000000024 0.9605074277996642 0.03943659825682478
39.50000000000024 0.9605717409162535 0.039372800190248726
39.55000000000024 0.9606328693640144 0.039312124290129966
39.60000000000024 0.9606907776080666 0.03925461412617284
39.65000000000024 0.9607454448881337 0.039200297393497896
39.700000000000244 0.9607968634174706 0.03914918799542131
39.75000000000024 0.960845036479466 0.03910128801577753
39.80000000000024 0.9608899764833845 0.039056589580561685
39.85000000000024 0.9609317033500985 0.039015076611720795
39.90000000000024 0.9609702430000605 0.0389767264764621
39.950000000000244 0.9610056258106521 0.038941511534346496
40.00000000000024 0.9610378852711919 0.03890940058558431
40.050000000000246 0.9610670566700529 0.03888036022519223
40.10000000000024 0.9610931757434875 0.03885435610686444
40.15000000000025 0.9611162776326806 0.038831354120236125
40.200000000000244 0.9611363960277322 0.03881132148628962
40.25000000000024 0.9611535621250485 0.03879422777603818
40.300000000000246 0.961167803570558 0.03878004585719273
40.35000000000024 0.9611791436402903 0.03876875277308026
40.40000000000025 0.9611876005498488 0.03876033055828156
40.450000000000244 0.9611931867750454 0.038754766995539175
40.50000000000025 0.9611959083610211 0.038752056318392764
40.550000000000246 0.9611957642454643 0.03875219986402709
40.60000000000025 0.9611927456951622 0.0387552066807923
40.65000000000025 0.9611868358185247 0.03876109409435821
40.700000000000244 0.961178009009476 0.03876988823581047
40.75000000000025 0.9611662303883871 0.03878162453538897
40.800000000000246 0.9611514553918118 0.03879634818597592
40.85000000000025 0.9611336294465265 0.03881411458014441
40.90000000000025 0.9611126875665104 0.0388349897238385
40.95000000000025 0.961088553880834 0.0388590506295999
41.00000000000025 0.9610611412316461 0.03888638569246905
41.05000000000025 0.9610303508531444 0.03891709505193415
41.10000000000025 0.9609960720185131 0.03895129094312945
41.15000000000025 0.9609581816637716 0.03898909804004792
41.20000000000025 0.960916544041148 0.03903065379360234
41.25000000000025 0.9608710103580376 0.03907610876752047
41.30000000000025 0.9608214183779379 0.03912562697493724
41.35000000000025 0.960767591961451 0.03917938621856901
41.400000000000254 0.9607093406192523 0.03923757843735333
41.45000000000025 0.9606464593030856 0.03930041006133257
41.500000000000256 0.9605787282404314 0.039368102376086275
41.55000000000025 0.9605059122926307 0.03944089189985045
41.60000000000025 0.960427760088391 0.03951903077750559
41.650000000000254 0.9603440036111358 0.039602787193155055
41.70000000000025 0.9602543580094733 0.0396924458006466
41.750000000000256 0.9601585210386232 0.03978830817288597
41.80000000000025 0.9600561723702455 0.03989069327225832
41.85000000000026 0.9599469731283106 0.03999993794308935
41.900000000000254 0.9598305652932777 0.040116397425656494
41.95000000000026 0.9597065708025214 0.04024044589145413
42.000000000000256 0.9595745907667915 0.040372476999402905
42.05000000000026 0.9594342048634351 0.04051290447148165
42.10000000000026 0.9592849706776512 0.04066216268514145
42.150000000000254 0.9591264229846168 0.040820707279212456
42.20000000000026 0.9589580727023903 0.04098901576981162
42.250000000000256 0.9587794055670998 0.041167588170591754
42.30000000000026 0.9585898813650326 0.04135694760700014
42.35000000000026 0.9583889334938943 0.04155764091396133
42.40000000000026 0.9581759678862694 0.04177023920879157
42.45000000000026 0.9579503619221404 0.0419953384252881
42.50000000000026 0.9577114639323087 0.04223355978719711
42.55000000000026 0.9574585923042948 0.04248555020178392
42.60000000000026 0.9571910341500146 0.04275198255395841
42.65000000000026 0.956908044582028 0.04303355586994244
42.70000000000026 0.9566088464881599 0.04333099531209381
42.75000000000026 0.9562926302778593 0.04364505196539003
42.80000000000026 0.9559585535964449 0.04397650237104231
42.850000000000264 0.9556057411013262 0.04432614775578077
42.90000000000026 0.9552332846562521 0.04469481289898607
42.950000000000266 0.9548402439744075 0.04508334457087386
43.00000000000026 0.9544256473786736 0.04549260946760931
43.05000000000026 0.9539884931594547 0.045923491563658395
43.100000000000264 0.9535277518766877 0.046376888794004194
43.15000000000026 0.9530423690602573 0.046853708970954075
43.200000000000266 0.9525312683281266 0.04735486483384349
43.25000000000026 0.9519933553829961 0.04788126812456007
43.30000000000027 0.9514275230344722 0.04843382257658925
43.350000000000264 0.9508326574688014 0.04901341570151655
43.40000000000027 0.9502076455847089 0.04962090925825876
43.450000000000266 0.9495513832005493 0.05025712829188453
43.50000000000026 0.9488627847758065 0.05092284862832293
43.55000000000027 0.9481407945658895 0.05161878272171856
43.600000000000264 0.9473843985458628 0.052345563770282856
43.65000000000027 0.9465926378662146 0.053103728025933605
43.700000000000266 0.945764624424283 0.053893695237317005
43.75000000000027 0.9448995576812512 0.054715747201409065
43.80000000000027 0.9439967425900982 0.05557000443634475
43.85000000000027 0.9430556091389389 0.05645640101925444
43.90000000000027 0.9420757330341823 0.05737465767503144
43.950000000000266 0.941056857052952 0.05832425325525882
44.00000000000027 0.93999891318885 0.05930439479907178
44.05000000000027 0.9389020453925169 0.0603139864216715
44.10000000000027 0.9377666324167215 0.061351597334374106
44.15000000000027 0.9365933103017178 0.06241542935953261
44.20000000000027 0.9353829939875332 0.06350328436095823
44.25000000000027 0.93413689761458 0.06461253206509958
44.300000000000274 0.9328565530233011 0.0657400788001661
44.35000000000027 0.9315438257804107 0.06688233772618281
44.40000000000027 0.9302009281875663 0.06803520116511594
44.45000000000027 0.9288304288397926 0.06919401567013385
44.50000000000027 0.9274352580075751 0.07035356050020612
44.550000000000274 0.9260187080973166 0.07150803018634065
44.60000000000027 0.9245844289921308 0.07265102188624172
44.650000000000276 0.9231364180956187 0.07377552823489561
44.70000000000027 0.921679004506428 0.07487393642118459
44.75000000000028 0.9202168272765778 0.07593803425323165
44.800000000000274 0.9187548081293182 0.07695902401714727
44.85000000000028 0.9172981183653928 0.07792754499790089
44.900000000000276 0.9158521398795263 0.07883370562903985
44.95000000000027 0.9144224211810849 0.07966712636940074
45.00000000000028 0.9130146290758107 0.08041699456208823
45.050000000000274 0.9116344963335001 0.0810721327102812
45.10000000000028 0.9102877663390504 0.08162108180186249
45.150000000000276 0.9089801359358138 0.08205220150514381
45.20000000000028 0.9077171971989195 0.0823537891993572
45.25000000000028 0.9065043787738984 0.08251421985187034
45.30000000000028 0.905346887836673 0.08252210865835125
45.35000000000028 0.9042496540065753 0.0823664980591116
45.400000000000276 0.9032172760506146 0.08203707016247981
45.45000000000028 0.902253971963878 0.08152438468514177
45.50000000000028 0.9013635335897551 0.08082014124167564
45.55000000000028 0.9005492866611886 0.07991746320229003
45.60000000000028 0.8998140563140612 0.07881119847504559
45.65000000000028 0.8991601384351932 0.07749823063791964
45.70000000000028 0.8985892774582651 0.07597779209444733
45.750000000000284 0.8981026508249402 0.07425176960253248
45.80000000000028 0.897700860233974 0.07232499177331984
45.85000000000028 0.897383929539335 0.0702054877925457
45.90000000000028 0.897151309186326 0.06790470600345422
45.95000000000028 0.8970018873625859 0.06543767880342831
46.000000000000284 0.8969340070131311 0.06282311483860092
46.05000000000028 0.8969454877362474 0.06008338949695831
46.100000000000286 0.8970336531577745 0.057244390892003144
46.15000000000028 0.8971953635548973 0.054335165219030646
46.20000000000029 0.8974270521327102 0.05138730139756657
46.250000000000284 0.8977247652280322 0.048434011514937966
46.30000000000028 0.8980842068982949 0.04550890847114414
46.350000000000286 0.8985007859428831 0.04264455213968095
46.40000000000028 0.8989696644196653 0.039870911639320675
46.45000000000029 0.8994858082808099 0.03721394427367257
46.500000000000284 0.9000440389455364 0.03469449485707336
46.55000000000029 0.9006390844619077 0.03232766499080227
46.600000000000286 0.9012656306823189 0.03012270761206099
46.65000000000029 0.9019183721435206 0.02808340113634238
46.70000000000029 0.9025920614537484 0.026208781929629856
46.750000000000284 0.9032815568501126 0.02449408048002526
46.80000000000029 0.9039818675710171 0.022931713690416435
46.850000000000286 0.9046881962829324 0.021512219198210433
46.90000000000029 0.9053959781057612 0.02022506068527904
46.95000000000029 0.9061009157369794 0.01905927281833691
47.00000000000029 0.9067990103558716 0.018003944083373503
47.05000000000029 0.9074865882887554 0.017048553987788904
47.10000000000029 0.9081603228295727 0.01618318967649208
47.15000000000029 0.9088172506951385 0.015398668855787015
47.200000000000294 0.909454783354544 0.01468659381317998
47.25000000000029 0.9100707130162821 0.014039357376974346
47.30000000000029 0.9106632128299798 0.013450117258624158
47.35000000000029 0.9112308318010051 0.012912751119081675
47.40000000000029 0.9117724848820965 0.012421801229169822
47.450000000000294 0.9122874381278228 0.011972414844811773
47.50000000000029 0.9127752893317486 0.01156028434209359
47.550000000000296 0.9132359449510821 0.011181589642587671
47.60000000000029 0.9136695935670072 0.010832944390303571
47.6500000000003 0.9140766760532422 0.010511346613818508
47.700000000000294 0.9144578533526186 0.010214134126715972
47.75000000000029 0.9148139729744083 0.009938944613136078
47.800000000000296 0.915146034747465 0.00968368016174827
47.85000000000029 0.9154551563983506 0.009446475913058973
47.9000000000003 0.9157425400117141 0.009225672440858127
47.950000000000294 0.9160094399352793 0.009019791478155001
48.0000000000003 0.9162571324824139 0.00882751461057157
48.050000000000296 0.9164868885034462 0.00864766458492033
48.1000000000003 0.9166999491525772 0.008479188909745791
48.1500000000003 0.9168975042766528 0.008321145457958425
48.200000000000294 0.9170806742958968 0.008172689816166905
48.2500000000003 0.9172504969417256 0.008033064154944536
48.300000000000296 0.9174079184212082 0.007901587421084832
48.3500000000003 0.9175537881770509 0.007777646680343322
48.4000000000003 0.9176888571313888 0.007660689463602845
48.4500000000003 0.9178137792847583 0.007550216989391428
48.5000000000003 0.9179291168765197 0.0074457781536320065
48.5500000000003 0.9180353490397346 0.00734696419243213
48.6000000000003 0.918132882357534 0.007253403936825949
48.6500000000003 0.9182220618735656 0.0071647595912446025
48.7000000000003 0.9183031828670493 0.007080722978203785
48.7500000000003 0.918376504038107 0.00700101219904602
48.8000000000003 0.9184422614532107 0.006925368666465278
48.8500000000003 0.9185006813379049 0.006853554470777928
48.900000000000304 0.9185519902767666 0.006785350047966186
48.9500000000003 0.9185964235117812 0.006720552122101039
49.000000000000306 0.9186342324759634 0.006658971896813878
49.0500000000003 0.9186656907694322 0.006600433472136964
49.1000000000003 0.9186910974365284 0.006544772465748405
49.150000000000304 0.9187107779129918 0.006491834819969556
49.2000000000003 0.9187250830519703 0.006441475776587887
49.250000000000306 0.9187343860612658 0.00639355900230114
49.3000000000003 0.9187390778446487 0.006347955848605496
49.35000000000031 0.918739561218233 0.006304544730357309
49.400000000000304 0.9187362439165943 0.006263210607719213
49.45000000000031 0.9187295311640206 0.006223844557081486
49.500000000000306 0.9187198184939125 0.006186343416794898
49.5500000000003 0.91870748417668 0.006150609494027151
49.60000000000031 0.9186928820734748 0.006116550320489261
49.650000000000304 0.9186763370709662 0.006084078445398819
49.70000000000031 0.9186581424288771 0.006053111254069658
49.750000000000306 0.9186385572184932 0.006023570802169684
49.80000000000031 0.9186178047136636 0.005995383657735444
49.85000000000031 0.9185960727807994 0.0059684807439819776
49.90000000000031 0.9185735156537108 0.0059427971767328225
49.95000000000031 0.9185502568994488 0.0059182720921200655
50.00000000000031 0.9185263935893339 0.005894848461781439
50.05000000000031 0.9185020011717887 0.005872472893862849
50.10000000000031 0.9184771388242707 0.005851095419903538
50.15000000000031 0.9184518548076528 0.005830669268560994
50.20000000000031 0.9184261912685185 0.005811150628607561
50.25000000000031 0.9184001888217569 0.0057924984043631975
50.30000000000031 0.9183738909593284 0.005774673967501514
50.350000000000314 0.9183473474488449 0.0057576409094154575
50.40000000000031 0.9183206161432828 0.005741364799032589
50.450000000000315 0.9182937634233402 0.005725812950836448
50.50000000000031 0.9182668640849981 0.0057109542077893784
50.55000000000031 0.9182400008345274 0.005696758743102041
50.600000000000314 0.9182132626084037 0.005683197884198689
50.65000000000031 0.918186742045296 0.005670243961744598
50.700000000000315 0.9181605330254182 0.005657870185675729
50.75000000000031 0.9181347276923233 0.00564605054879939
50.80000000000032 0.918109412707769 0.005634759757915076
50.850000000000314 0.918084666076552 0.005623973191408975
50.90000000000032 0.9180605551866369 0.00561366688110862
50.950000000000315 0.9180371355110084 0.005603817515291204
51.00000000000031 0.9180144495546683 0.005594402459243393
51.05000000000032 0.9179925262691545 0.005585399789138998
51.100000000000314 0.917971381400375 0.005576788334916713
51.15000000000032 0.9179510184816567 0.005568547727390264
51.200000000000315 0.9179314300925936 0.005560658445074977
51.25000000000032 0.9179125999496598 0.005553101856589768
51.30000000000032 0.917894505723982 0.0055458602548548504
51.35000000000032 0.9178771217107015 0.005538916879915756
51.40000000000032 0.9178604213134146 0.005532255928149742
51.450000000000315 0.9178443792000945 0.005525862546426074
51.50000000000032 0.9178289730332542 0.005519722810685127
51.55000000000032 0.9178141854215583 0.005513823689241091
51.60000000000032 0.9178000052637633 0.005508152992042782
51.65000000000032 0.9177864275314365 0.005502699307643655
51.70000000000032 0.9177734528932824 0.0054974519308763166
51.75000000000032 0.9177610872277641 0.005492400783888305
51.800000000000324 0.9177493395458134 0.005487536334094998
51.85000000000032 0.917738219787446 0.005482849512463106
51.90000000000032 0.9177277379615397 0.005478331635495904
51.95000000000032 0.9177179030938739 0.005473974333961234
52.00000000000032 0.9177087216188302 0.005469769490905963
52.050000000000324 0.9177001963573469 0.005465709191231181
52.10000000000032 0.91769232574167 0.0054617856840985255
52.150000000000325 0.9176851029040762 0.005457991358977395
52.20000000000032 0.9176785151530519 0.005454318735193487
52.25000000000033 0.9176725440791517 0.005450760464367587
52.300000000000324 0.9176671664072295 0.005447309344107497
52.35000000000033 0.9176623552764691 0.005443958341152475
52.400000000000325 0.917658081260494 0.005440700621465213
52.45000000000032 0.9176543133963943 0.00543752958466035
52.50000000000033 0.9176510206203513 0.0054344388999885175
52.550000000000324 0.9176481730726345 0.0054314225411322
52.60000000000033 0.9176457430498857 0.005428474817313953
52.650000000000325 0.91764370600021 0.005425590398504472
52.70000000000033 0.9176420414571522 0.005422764333042215
52.75000000000033 0.9176407333411523 0.005419992056561119
52.80000000000033 0.9176397694151487 0.005417269391557303
52.85000000000033 0.9176391404238625 0.0054145925377353955
52.900000000000325 0.917638839474691 0.005411958053823592
52.95000000000033 0.9176388613164659 0.00540936283183917
53.00000000000033 0.9176392011605691 0.005406804065557344
53.05000000000033 0.917639853732512 0.005404279214931383
53.10000000000033 0.9176408127952688 0.005401785968695634
53.15000000000033 0.9176420701370743 0.0053993222070997425
53.20000000000033 0.9176436141367288 0.005396885966925771
53.250000000000334 0.9176454294209845 0.005394475410555516
53.30000000000033 0.9176474974245425 0.005392088800570083
53.35000000000033 0.917649796623662 0.005389724480789428
53.40000000000033 0.9176523032029649 0.005387380864487975
53.45000000000033 0.9176549927406564 0.005385056429686703
53.500000000000334 0.9176578413250904 0.005382749721200303
53.55000000000033 0.917660825769003 0.005380459358422485
53.600000000000335 0.9176639242512972 0.005378184047777385
53.65000000000033 0.9176671171109525 0.005375922598199279
53.70000000000034 0.9176703870753189 0.005373673937899347
53.750000000000334 0.9176737195351119 0.005371437130738432
53.80000000000033 0.9176771029485766 0.005369211390488354
53.850000000000335 0.9176805288291207 0.0053669960914371605
53.90000000000033 0.9176839913848175 0.005364790774167027
53.95000000000034 0.9176874868413317 0.005362595145635154
54.000000000000334 0.9176910125789249 0.005360409073155298
54.05000000000034 0.9176945666161699 0.005358232572283402
54.100000000000335 0.9176981472067552 0.005356065788957675
54.15000000000034 0.9177017521039659 0.0053539089768559305
54.20000000000034 0.9177053780930079 0.005351762471030804
54.250000000000334 0.9177090209846861 0.005349626659324539
54.30000000000034 0.9177126751953907 0.005347501953076867
54.350000000000335 0.9177163331667548 0.005345388758818187
54.40000000000034 0.9177199858113524 0.0053432874524433
54.45000000000034 0.9177236234393541 0.005341198357350562
54.50000000000034 0.9177272360755835 0.005339121727535137
54.55000000000034 0.9177308140185344 0.005337057736579547
54.60000000000034 0.9177343489796305 0.005335006472925218
54.65000000000034 0.9177378342620607 0.005332967941450847
54.70000000000034 0.9177412641189522 0.005330942071007776
54.75000000000034 0.9177446338031569 0.005328928727285457
54.80000000000034 0.9177479397683154 0.005326927729913321
54.85000000000034 0.9177511792838173 0.005324938872525706
54.90000000000034 0.9177543504275891 0.00532296194450994
54.950000000000344 0.9177574525559618 0.005320996752870072
55.00000000000034 0.9177604862965053 0.005319043142876597
55.050000000000345 0.917763453066442 0.005317101016245236
55.10000000000034 0.9177663546000312 0.005315170345823407
55.15000000000035 0.9177691925988254 0.005313251186026149
55.200000000000344 0.9177719683020189 0.00531134367863847
55.25000000000034 0.9177746819316172 0.005309448053800558
55.300000000000345 0.9177773326156238 0.005307564626503211
55.35000000000034 0.9177799187499956 0.005305693789108739
55.40000000000035 0.9177824378417422 0.005303836000614322
55.450000000000344 0.9177848861568729 0.005301991773726587
55.50000000000035 0.9177872589639863 0.00530016166076571
55.550000000000345 0.9177895507834469 0.005298346239555007
55.60000000000035 0.9177917555175117 0.005296546100281871
55.65000000000035 0.9177938670243505 0.005294761834271669
55.700000000000344 0.9177958796759909 0.005292994025362751
55.75000000000035 0.9177977886982455 0.005291243244373242
55.800000000000345 0.9177995906740866 0.005289510046822042
55.85000000000035 0.9178012838439977 0.005287794973824094
55.90000000000035 0.9178028680844887 0.0052860985558432685
55.95000000000035 0.9178043446899063 0.00528442131865414
56.00000000000035 0.9178057157718746 0.0052827637908306945
56.05000000000035 0.9178069841936889 0.005281126511823171
56.10000000000035 0.9178081542778385 0.005279510039717891
56.15000000000035 0.9178092313602371 0.005277914957693768
56.20000000000035 0.9178102202973077 0.0052763418784422655
56.25000000000035 0.9178111249619388 0.005274791445929493
56.30000000000035 0.9178119482372464 0.005273264334027256
56.35000000000035 0.9178126916833159 0.0052717612417021885
56.400000000000354 0.9178133556863916 0.0052702828849875314
56.45000000000035 0.9178139394646905 0.005268829985865446
56.500000000000355 0.9178144406591618 0.005267403258698136
56.55000000000035 0.9178148564373032 0.00526600339491327
56.60000000000035 0.9178151855450504 0.005264631046730715
56.650000000000354 0.9178154285719994 0.005263286810868379
56.70000000000035 0.9178155868363911 0.00526197121316697
56.750000000000355 0.9178156620332718 0.0052606846950840275
56.80000000000035 0.9178156568635293 0.005259427602790318
56.85000000000036 0.9178155756855965 0.0052582001793723306
56.900000000000354 0.9178154243773956 0.005257002560566158
56.95000000000036 0.9178152094148634 0.005255834774157609
57.000000000000355 0.917814937188015 0.005254696743020398
57.05000000000035 0.9178146140961497 0.005253588291368198
57.10000000000036 0.9178142467965063 0.005252509153804284
57.150000000000354 0.9178138418922649 0.005251458986383347
57.20000000000036 0.9178134051357172 0.005250437379028168
57.250000000000355 0.9178129409790977 0.005249443868393553
57.30000000000036 0.9178124528204165 0.005248477950464887
57.35000000000036 0.917811943250612 0.005247539092061212
57.40000000000036 0.9178114140641491 0.005246626740706985
57.45000000000036 0.9178108665415557 0.005245740332405324
57.50000000000036 0.9178103018603566 0.005244879297056396
57.55000000000036 0.9178097210122342 0.005244043061469217
57.60000000000036 0.9178091243991959 0.005243231050176893
57.65000000000036 0.9178085120916026 0.005242442684309486
57.70000000000036 0.9178078849279244 0.005241677379038735
57.75000000000036 0.917807245075672 0.005240934540182995
57.80000000000036 0.9178065954261403 0.005240213560550891
57.850000000000364 0.9178059390419674 0.005239513816737486
57.90000000000036 0.9178052791353608 0.0052388346669485965
57.950000000000365 0.9178046189239105 0.005238175450262239
58.00000000000036 0.917803961430174 0.005237535487807734
58.05000000000036 0.9178033093350413 0.0052369140859357954
58.100000000000364 0.9178026646801667 0.005236310541424274
58.15000000000036 0.917802028818434 0.005235724148583979
58.200000000000365 0.9178014026259288 0.005235154207884339
58.25000000000036 0.9178007864773927 0.005234600035656798
58.30000000000037 0.917800180335972 0.005234060974292661
58.350000000000364 0.9177995841991534 0.005233536402292499
58.40000000000037 0.9177989980851983 0.005233025743565157
58.450000000000365 0.9177984213099575 0.005232528475379342
58.50000000000036 0.9177978521808118 0.00523204413438658
58.55000000000037 0.917797288772827 0.005231572320459286
58.600000000000364 0.9177967296612018 0.005231112697990834
58.65000000000037 0.9177961737712536 0.005230664994636324
58.700000000000365 0.9177956203474497 0.005230228997581288
58.75000000000037 0.917795069272453 0.005229804547625998
58.80000000000037 0.917794520683376 0.005229391531476872
58.85000000000037 0.9177939744560976 0.005228989872750302
58.90000000000037 0.917793430494585 0.005228599522299301
58.950000000000365 0.9177928890310791 0.005228220448417845
59.00000000000037 0.9177923505766089 0.0052278526275490655
59.05000000000037 0.9177918158471411 0.005227496036020459
59.10000000000037 0.917791285434607 0.005227150643201307
59.15000000000037 0.9177907597007166 0.00522681640642811
59.20000000000037 0.917790239234088 0.005226493267754236
59.25000000000037 0.917789724876963 0.005226181152659899
59.300000000000374 0.9177892173642062 0.00522587997043913
59.35000000000037 0.9177887174005163 0.005225589616075952
59.40000000000037 0.9177882256356411 0.005225309973139838
59.45000000000037 0.9177877422578123 0.005225040917358346
59.50000000000037 0.9177872669347216 0.005224782320230781
59.550000000000374 0.9177867991473998 0.005224534052374426
59.60000000000037 0.9177863385192638 0.0052242959860045604
59.650000000000375 0.9177858848314137 0.005224067996320617
59.70000000000037 0.9177854376287555 0.005223849961500793
59.75000000000038 0.9177849961803495 0.005223641761199996
59.800000000000374 0.9177845600406015 0.0052234432735957115
59.85000000000037 0.91778412923487 0.005223254371100219
59.900000000000375 0.9177837042421555 0.005223074915071353
59.95000000000037 0.9177832865688768 0.005222904749777518
60.00000000000038 0.917782878919153 0.005222743696219305
60.050000000000374 0.917782484307056 0.005222591546109144
60.10000000000038 0.9177821054357228 0.005222448056553024
60.150000000000375 0.9177817447497594 0.005222312945868153
60.20000000000038 0.9177814042496585 0.005222185890783484
60.25000000000038 0.9177810852807119 0.005222066525399349
60.30000000000038 0.9177807887495256 0.005221954441873454
60.35000000000038 0.9177805152186371 0.005221849192949013
60.400000000000375 0.9177802647933693 0.00522175029614808
60.45000000000038 0.9177800371550202 0.005221657239403819
60.50000000000038 0.9177798315799733 0.005221569487720745
60.55000000000038 0.9177796470803354 0.005221486490581375
60.60000000000038 0.9177794828046041 0.0052214076895533024
60.65000000000038 0.9177793380790917 0.005221332525715029
60.70000000000038 0.9177792121295502 0.005221260446469867
60.750000000000384 0.9177791042139434 0.005221190911420223
60.80000000000038 0.9177790139064194 0.0052211233970093415
60.85000000000038 0.9177789410299133 0.0052210573998261655
60.90000000000038 0.9177788856836664 0.005220992438547733
60.95000000000038 0.9177788485916961 0.0052209280545087635
61.000000000000384 0.9177788310919407 0.005220863811150931
61.05000000000038 0.9177788344845087 0.005220799292644457
61.100000000000385 0.9177788595461904 0.005220734101946167
61.15000000000038 0.9177789066302912 0.0052206678586670255
61.20000000000039 0.9177789756272755 0.005220600197134837
61.250000000000384 0.9177790657683363 0.005220530764994368
61.30000000000038 0.9177791760259087 0.005220459222549776
61.350000000000385 0.91777930554727 0.005220385243114372
61.40000000000038 0.9177794533958392 0.00522030851444644
61.45000000000039 0.9177796183376905 0.005220228741177613
61.500000000000384 0.9177797990262955 0.005220145648248337
61.55000000000039 0.9177799941070798 0.005220058985001149
61.600000000000385 0.9177802023138596 0.00521996852974491
61.65000000000039 0.9177804226583844 0.005219874094358816
61.70000000000039 0.9177806545604694 0.005219775528589073
61.750000000000384 0.9177808978817895 0.0052196727237016
61.80000000000039 0.9177811526439281 0.005219565615080914
61.850000000000385 0.9177814186409354 0.005219454183542982
61.90000000000039 0.9177816954499305 0.0052193384551681415
61.95000000000039 0.9177819824592203 0.005219218499557006
62.00000000000039 0.9177822786513984 0.005219094426548722
62.05000000000039 0.9177825825885482 0.005218966381494076
62.10000000000039 0.917782892460701 0.00521883453940079
62.15000000000039 0.9177832059275081 0.005218699098191256
62.20000000000039 0.9177835200245634 0.005218560271501912
62.25000000000039 0.9177838312227066 0.00521841828147901
62.30000000000039 0.9177841356868792 0.005218273351967877
62.35000000000039 0.917784429673918 0.005218125702501366
62.40000000000039 0.9177847096525306 0.00521797554347182
62.450000000000394 0.9177849723834799 0.005217823072722508
62.50000000000039 0.9177852153226003 0.005217668473768557
62.550000000000395 0.9177854367775184 0.005217511915711485
62.60000000000039 0.9177856358104848 0.0052173535547294664
62.6500000000004 0.9177858126290589 0.0052171935370542025
62.700000000000394 0.9177859690471813 0.005217032003162583
62.75000000000039 0.9177861082438045 0.005216869092783063
62.800000000000395 0.9177862343389609 0.005216704950364581
62.85000000000039 0.9177863522200191 0.0052165397306160755
62.9000000000004 0.9177864669708556 0.0052163736036014065
62.950000000000394 0.917786582956214 0.005216206759067101
63.0000000000004 0.9177867035516287 0.005216039409686278
63.050000000000395 0.9177868313060654 0.005215871792908927
63.1000000000004 0.9177869677279308 0.00521570417129977
63.1500000000004 0.9177871132124964 0.005215536831306597
63.200000000000394 0.9177872673810566 0.005215370080510047
63.2500000000004 0.917787429055702 0.005215204243474042
63.300000000000395 0.9177875961027827 0.005215039656508087
63.3500000000004 0.9177877656892157 0.005214876661526684
63.4000000000004 0.9177879344848703 0.0052147155994862575
63.4500000000004 0.9177880988327783 0.005214556803623655
63.5000000000004 0.9177882551540796 0.005214400592969532
63.5500000000004 0.9177884001741079 0.005214247266350512
63.6000000000004 0.917788531078644 0.0052140970972724635
63.6500000000004 0.9177886457246471 0.005213950329764813
63.7000000000004 0.9177887424763663 0.005213807175416093
63.7500000000004 0.9177888201476835 0.0052136678115858644
63.8000000000004 0.9177888784101613 0.0052135323808040444
63.8500000000004 0.9177889178184125 0.005213400991198012
63.900000000000404 0.9177889394331212 0.005213273717863774
63.9500000000004 0.9177889446885283 0.005213150604897002
64.0000000000004 0.9177889352962032 0.005213031667911773
64.05000000000041 0.9177889130983451 0.005212916896817069
64.1000000000004 0.917788880057729 0.00521280625856612
64.1500000000004 0.9177888381542649 0.005212699699803828
64.2000000000004 0.9177887892311349 0.005212597149155804
64.2500000000004 0.9177887350534069 0.005212498519134721
64.30000000000041 0.9177886775654018 0.005212403707602658
64.3500000000004 0.917788619080393 0.005212312598813801
64.4000000000004 0.9177885618517387 0.005212225064084889
64.4500000000004 0.9177885073245949 0.0052121409621992505
64.50000000000041 0.9177884562751087 0.005212060139696768
64.55000000000041 0.9177884095511385 0.005211982431114925
64.6000000000004 0.9177883681433716 0.0052119076594320385
64.6500000000004 0.9177883328002202 0.00521183563669186
64.7000000000004 0.9177883038780932 0.005211766165032722
64.75000000000041 0.9177882813781759 0.00521169903808352
64.80000000000041 0.9177882652009057 0.005211634042768263
64.8500000000004 0.9177882553670336 0.005211570961556982
64.9000000000004 0.9177882516435595 0.005211509574955808
64.95000000000041 0.9177882530462839 0.005211449664269048
65.00000000000041 0.917788258128691 0.005211391014439351
65.05000000000041 0.917788265758208 0.005211333416877949
65.1000000000004 0.9177882753456156 0.005211276672061251
65.1500000000004 0.9177882863822465 0.00521122059187854
65.20000000000041 0.917788298137308 0.005211165001533404
65.25000000000041 0.9177883098267177 0.005211109740961941
65.30000000000041 0.9177883207187904 0.005211054665751232
65.3500000000004 0.9177883301086607 0.0052109996474998385
65.40000000000042 0.9177883374567984 0.005210944573708554
65.45000000000041 0.9177883425004432 0.005210889347265422
65.50000000000041 0.917788345207636 0.005210833885578784
65.55000000000041 0.9177883456985083 0.005210778119541356
65.6000000000004 0.9177883441618251 0.005210721992408223
65.65000000000042 0.9177883409653493 0.005210665458718944
65.70000000000041 0.9177883368809288 0.005210608483360565
65.75000000000041 0.9177883328896836 0.005210551040880121
65.80000000000041 0.9177883297658473 0.005210493115066786
65.85000000000042 0.9177883280503067 0.0052104346988675505
65.90000000000042 0.9177883282398686 0.005210375794565301
65.95000000000041 0.917788330889846 0.005210316414217708
66.00000000000041 0.9177883365732498 0.0052102565802621265
66.05000000000041 0.9177883455681514 0.005210196326160475
66.10000000000042 0.917788357722297 0.005210135697058251
66.15000000000042 0.917788372882864 0.005210074750256614
66.20000000000041 0.9177883911312034 0.005210013555440766
66.25000000000041 0.9177884125706718 0.005209952194546625
66.30000000000042 0.9177884374294304 0.005209890761316023
66.35000000000042 0.9177884661581336 0.00520982936033799
66.40000000000042 0.9177884988676488 0.005209768105744171
66.45000000000041 0.9177885349211947 0.005209707119566743
66.50000000000041 0.9177885732331805 0.005209646529697199
66.55000000000042 0.917788612562724 0.0052095864677779175
66.60000000000042 0.9177886515404001 0.00520952706694229
66.65000000000042 0.9177886887202993 0.005209468459609249
66.70000000000041 0.9177887226231789 0.00520941077546371
66.75000000000043 0.9177887518120758 0.00520935413970621
66.80000000000042 0.9177887750644149 0.005209298671644346
66.85000000000042 0.9177887914100834 0.005209244483699393
66.90000000000042 0.917788800045285 0.005209191680882007
66.95000000000041 0.917788800325283 0.005209140360678715
67.00000000000043 0.9177887917590595 0.005209090613293773
67.05000000000042 0.9177887739163 0.005209042522257123
67.10000000000042 0.9177887463905645 0.005208996165217621
67.15000000000042 0.9177887089614828 0.005208951614816408
67.20000000000043 0.9177886617767788 0.005208908939594362
67.25000000000043 0.9177886051679182 0.00520886820471927
67.30000000000042 0.9177885392726959 0.0052088294725144944
67.35000000000042 0.9177884640583415 0.005208792802700206
67.40000000000042 0.9177883795889578 0.005208758252218693
67.45000000000043 0.9177882860396354 0.005208725874769032
67.50000000000043 0.9177881837195765 0.005208695719952703
67.55000000000042 0.917788073317096 0.005208667832146183
67.60000000000042 0.917787955915042 0.005208642249149048
67.65000000000043 0.9177878327152886 0.005208619000738988
67.70000000000043 0.917787704933911 0.005208598107239061
67.75000000000043 0.9177875739509849 0.005208579578174851
67.80000000000042 0.9177874414529923 0.005208563411245093
67.85000000000042 0.9177873093971676 0.005208549591564554
67.90000000000043 0.9177871798316454 0.005208538091301887
67.95000000000043 0.9177870547646436 0.005208528869848356
68.00000000000043 0.9177869360908395 0.005208521874376044
68.05000000000042 0.9177868254161561 0.005208517040813054
68.10000000000043 0.9177867239561539 0.005208514295242779
68.15000000000043 0.9177866326735632 0.005208513555565227
68.20000000000043 0.917786552355159 0.005208514733276043
68.25000000000043 0.9177864835049856 0.005208517735407618
68.30000000000042 0.9177864263143211 0.005208522466267074
68.35000000000043 0.9177863807323435 0.005208528829070018
68.40000000000043 0.9177863465544057 0.005208536727261922
68.45000000000043 0.9177863235427808 0.0052085460654813
68.50000000000043 0.9177863114168614 0.005208556750097567
68.55000000000044 0.9177863097455664 0.005208568689330576
68.60000000000043 0.9177863180229389 0.005208581792991364
68.65000000000043 0.9177863357179344 0.005208595971843708
68.70000000000043 0.9177863621394131 0.00520861113674799
68.75000000000043 0.9177863965863611 0.005208627197612741
68.80000000000044 0.9177864386827049 0.005208644062345743
68.85000000000043 0.9177864882283119 0.005208661635853663
68.90000000000043 0.9177865448450316 0.005208679819230779
68.95000000000043 0.917786607962921 0.0052086985092413005
69.00000000000044 0.9177866767672592 0.005208717598158812
69.05000000000044 0.9177867499566374 0.0052087369740031544
69.10000000000043 0.9177868258378199 0.005208756521168904
69.15000000000043 0.9177869026717258 0.005208776121440738
69.20000000000044 0.9177869787754935 0.0052087956553245746
69.25000000000044 0.9177870524808803 0.0052088150036401545
69.30000000000044 0.9177871221932952 0.0052088340492158075
69.35000000000043 0.9177871864466228 0.0052088526786421025
69.40000000000043 0.9177872439170692 0.005208870783892726
69.45000000000044 0.9177872934817515 0.005208888263808934
69.50000000000044 0.9177873342932421 0.005208905025216053
69.55000000000044 0.917787365830816 0.005208920983676832
69.60000000000043 0.9177873879111542 0.005208936063945503
69.65000000000045 0.9177874005999785 0.005208950199882207
69.70000000000044 0.9177874041136274 0.00520896333403414
69.75000000000044 0.9177873988633499 0.005208975416880799
69.80000000000044 0.9177873855111583 0.0052089864058072425
69.85000000000043 0.9177873648667061 0.005208996263933724
69.90000000000045 0.9177873377845054 0.005209004958893385
69.95000000000044 0.9177873051505819 0.005209012461631164
70.00000000000044 0.9177872677767728 0.00520901874543778
70.05000000000044 0.9177872262497515 0.005209023785157966
70.10000000000045 0.9177871809613676 0.005209027556754965
70.15000000000045 0.91778713225489 0.00520903003722026
70.20000000000044 0.9177870804898712 0.005209031204862035
70.25000000000044 0.9177870260215583 0.005209031039874433
70.30000000000044 0.9177869692216366 0.005209029525228741
70.35000000000045 0.9177869105805833 0.005209026647764306
70.40000000000045 0.9177868507445175 0.00520902239938712
70.45000000000044 0.9177867904858756 0.005209016778246429
70.50000000000044 0.9177867308437744 0.0052090097898309365
70.55000000000045 0.917786673277077 0.00520900144786295
70.60000000000045 0.9177866194817921 0.00520899177487253
70.65000000000045 0.9177865711370186 0.0052089808024620154
70.70000000000044 0.917786529839235 0.005208968571170188
70.75000000000044 0.9177864969312334 0.0052089551299213145
70.80000000000045 0.9177864732716229 0.005208940535159204
70.85000000000045 0.9177864592926197 0.00520892484963091
70.90000000000045 0.9177864551630507 0.00520890814095454
70.95000000000044 0.9177864608022838 0.005208890480053791
71.00000000000045 0.9177864758827184 0.005208871939558768
71.05000000000045 0.9177864998880344 0.005208852592250511
71.10000000000045 0.9177865321475346 0.005208832509710128
71.15000000000045 0.9177865718361817 0.005208811761219207
71.20000000000044 0.917786618013646 0.0052087904129762275
71.25000000000045 0.9177866697814149 0.0052087685276576085
71.30000000000045 0.9177867264219747 0.005208746164344455
71.35000000000045 0.917786787386664 0.0052087233788226635
71.40000000000045 0.9177868522796792 0.005208700224146006
71.45000000000046 0.9177869208614087 0.005208676751447358
71.50000000000045 0.9177869929748824 0.005208653010876
71.55000000000045 0.9177870685047854 0.005208629052582807
71.60000000000045 0.9177871473286303 0.00520860492767682
71.65000000000045 0.9177872291851841 0.005208580688993519
71.70000000000046 0.9177873136528517 0.005208556391665208
71.75000000000045 0.9177874001441637 0.0052085320934100185
71.80000000000045 0.9177874877917512 0.0052085078544816315
71.85000000000045 0.9177875755136071 0.005208483737339625
71.90000000000046 0.9177876621466002 0.005208459805958933
71.95000000000046 0.9177877464088461 0.005208436124939027
72.00000000000045 0.9177878270690274 0.005208412758385186
72.05000000000045 0.91778790323514 0.005208389768702313
72.10000000000045 0.9177879742112821 0.005208367215347875
72.15000000000046 0.9177880392656932 0.005208345153700669
72.20000000000046 0.9177880977392029 0.005208323634055765
72.25000000000045 0.9177881491539037 0.005208302700876385
72.30000000000045 0.9177881932095893 0.0052082823923350115
72.35000000000046 0.9177882298131583 0.005208262740170804
72.40000000000046 0.9177882590237872 0.005208243769882756
72.45000000000046 0.9177882809933852 0.005208225501221083
72.50000000000045 0.9177882960488035 0.005208207948952195
72.55000000000045 0.9177883047194949 0.00520819112380954
72.60000000000046 0.9177883075653387 0.005208175033574644
72.65000000000046 0.9177883049329586 0.005208159684186525
72.70000000000046 0.9177882969143397 0.0052081450807831
72.75000000000045 0.9177882836153157 0.0052081312286028445
72.80000000000047 0.9177882653409172 0.0052081181336874
72.85000000000046 0.9177882423873217 0.005208105803305755
72.90000000000046 0.9177882148081176 0.00520809424609255
72.95000000000046 0.9177881824932513 0.005208083471866713
73.00000000000045 0.9177881453756502 0.005208073491196258
73.05000000000047 0.9177881035352241 0.005208064314706837
73.10000000000046 0.9177880571815509 0.005208055952201817
73.15000000000046 0.9177880066051822 0.00520804841169485
73.20000000000046 0.9177879522148107 0.005208041698426145
73.25000000000047 0.9177878946542284 0.005208035813910867
73.30000000000047 0.9177878348352694 0.0052080307551642105
73.35000000000046 0.9177877737951721 0.005208026514110399
73.40000000000046 0.917787712527322 0.005208023077257623
73.45000000000046 0.9177876519420767 0.005208020425665465
73.50000000000047 0.9177875928605654 0.005208018535168385
73.55000000000047 0.9177875359599923 0.005208017376944208
73.60000000000046 0.9177874817731225 0.00520801691824521
73.65000000000046 0.9177874307291322 0.0052080171233397695
73.70000000000047 0.9177873831347725 0.005208017954565124
73.75000000000047 0.9177873391104138 0.005208019373387582
73.80000000000047 0.9177872985573489 0.005208021341430068
73.85000000000046 0.9177872612880682 0.005208023821390672
73.90000000000046 0.9177872272656242 0.005208026777749245
73.95000000000047 0.9177871965985533 0.005208030177270815
74.00000000000047 0.9177871693220003 0.005208033989200369
74.05000000000047 0.9177871453829322 0.005208038185293931
74.10000000000046 0.9177871247674511 0.005208042739511098
74.15000000000047 0.9177871074924014 0.005208047627551327
74.20000000000047 0.9177870935936125 0.005208052826223495
74.25000000000047 0.9177870831852507 0.005208058312742325
74.30000000000047 0.9177870764297102 0.005208064063966628
74.35000000000048 0.9177870734688605 0.005208070055760048
74.40000000000047 0.917787074412051 0.005208076262427316
74.45000000000047 0.9177870792926239 0.00520808265632562
74.50000000000047 0.9177870880010494 0.005208089207717103
74.55000000000047 0.9177871002884486 0.005208095884866351
74.60000000000048 0.9177871157620752 0.005208102654331177
74.65000000000047 0.9177871338224927 0.005208109481518475
74.70000000000047 0.9177871537387922 0.005208116331404054
74.75000000000047 0.9177871748940435 0.005208123169365041
74.80000000000048 0.9177871968785782 0.005208129962087207
74.85000000000048 0.9177872193580673 0.0052081366784334695
74.90000000000047 0.9177872420172561 0.005208143290300807
74.95000000000047 0.9177872646084085 0.005208149773224264
75.00000000000047 0.9177872869202455 0.005208156106880524
75.05000000000048 0.9177873087464762 0.005208162275292699
75.10000000000048 0.9177873299557237 0.005208168266844429
75.15000000000047 0.9177873505406253 0.005208174073959779
75.20000000000047 0.9177873705568192 0.005208179692639323
75.25000000000048 0.9177873900114819 0.005208185121729834
75.30000000000048 0.9177874088176646 0.0052081903621250545
75.35000000000048 0.917787426855378 0.005208195415890043
75.40000000000047 0.9177874440242242 0.005208200285328432
75.45000000000047 0.9177874602058598 0.005208204972196926
75.50000000000048 0.9177874752269787 0.005208209477007764
75.55000000000048 0.9177874888819096 0.005208213798559378
75.60000000000048 0.9177875009515211 0.00520821793364204
75.65000000000047 0.9177875112038342 0.0052082218770708455
75.70000000000049 0.9177875194330918 0.005208225621854532
75.75000000000048 0.9177875255233405 0.005208229159707365
75.80000000000048 0.9177875294647019 0.0052082324816430155
75.85000000000048 0.9177875313266456 0.005208235578769238
75.90000000000047 0.9177875312350815 0.005208238443093191
75.95000000000049 0.9177875293785774 0.005208241068386799
76.00000000000048 0.9177875260529968 0.005208243450897929
76.05000000000048 0.9177875216583812 0.0052082455899994315
76.10000000000048 0.917787516581277 0.0052082474886315875
76.15000000000049 0.9177875111133625 0.005208249153443481
76.20000000000049 0.9177875054785465 0.005208250594788636
76.25000000000048 0.917787499815392 0.0052082518264085515
76.30000000000048 0.917787494148057 0.005208252864900129
76.35000000000048 0.9177874884787135 0.00520825372899526
76.40000000000049 0.9177874828656709 0.005208254438690009
76.45000000000049 0.9177874773609621 0.0052082550142592225
76.50000000000048 0.9177874719252539 0.005208255475335375
76.55000000000048 0.9177874664392781 0.00520825584000154
76.60000000000049 0.9177874607844844 0.005208256123949598
76.65000000000049 0.9177874548788368 0.005208256339956891
76.70000000000049 0.9177874486726031 0.005208256497420329
76.75000000000048 0.917787442216168 0.005208256602250774
76.80000000000048 0.9177874356832276 0.005208256656955122
76.85000000000049 0.9177874292385992 0.005208256660976634
76.90000000000049 0.9177874229779167 0.00520825661123354
76.95000000000049 0.917787416989757 0.005208256502832317
77.00000000000048 0.9177874113384458 0.005208256329823805
77.0500000000005 0.9177874060495083 0.005208256086085235
77.10000000000049 0.9177874011684327 0.005208255766141177
77.15000000000049 0.9177873967426158 0.005208255365868558
77.20000000000049 0.9177873928065128 0.005208254883104054
77.25000000000048 0.9177873894412624 0.00520825431803531
77.3000000000005 0.917787386747399 0.005208253673446969
77.35000000000049 0.9177873848020505 0.005208252954665516
77.40000000000049 0.9177873837067484 0.005208252169373196
77.45000000000049 0.9177873835411434 0.0052082513271906675
77.5000000000005 0.9177873842532883 0.005208250439129846
77.5500000000005 0.9177873857011776 0.005208249516955185
77.60000000000049 0.9177873877368434 0.005208248572484404
77.65000000000049 0.9177873902050124 0.005208247616927079
77.70000000000049 0.9177873929664485 0.005208246660281654
77.7500000000005 0.9177873959511929 0.00520824571083931
77.8000000000005 0.9177873991471818 0.005208244774870589
77.85000000000049 0.9177874025472154 0.00520824385645384
77.90000000000049 0.9177874061211413 0.005208242957522086
77.9500000000005 0.9177874098448413 0.005208242078064642
78.0000000000005 0.9177874137455774 0.005208241216499626
78.0500000000005 0.9177874178810556 0.005208240370159751
78.10000000000049 0.9177874222935927 0.005208239535869531
78.15000000000049 0.9177874270126607 0.005208238710529075
78.2000000000005 0.9177874320345745 0.005208237891697209
78.2500000000005 0.9177874372604928 0.005208237078093765
78.3000000000005 0.9177874425162553 0.005208236269975508
78.35000000000049 0.9177874476422049 0.00520823546938838
78.4000000000005 0.9177874525192093 0.0052082346802209255
78.4500000000005 0.9177874570397596 0.005208233908112979
78.5000000000005 0.9177874611118862 0.005208233160172146
78.5500000000005 0.917787464666871 0.005208232444553811
78.60000000000049 0.9177874676239258 0.0052082317699508615
78.6500000000005 0.917787469878326 0.005208231144977319
78.7000000000005 0.9177874713585755 0.005208230577554459
78.7500000000005 0.9177874720711718 0.00520823007431167
78.8000000000005 0.9177874720877781 0.005208229640079441
78.8500000000005 0.9177874715332034 0.0052082292774715275
78.9000000000005 0.9177874705748864 0.005208228986631988
78.9500000000005 0.9177874693838897 0.005208228765142989
79.0000000000005 0.9177874681077851 0.005208228608098098
79.0500000000005 0.9177874668550052 0.0052082285083528326
79.1000000000005 0.9177874656657382 0.005208228456906888
79.1500000000005 0.9177874645120843 0.0052082284434056825
79.2000000000005 0.9177874633093823 0.00520822845671675
79.2500000000005 0.9177874618979356 0.005208228485549159
79.30000000000051 0.9177874600744081 0.005208228519018589
79.3500000000005 0.9177874576722995 0.00520822854720809
79.4000000000005 0.9177874545814284 0.005208228561577564
79.4500000000005 0.9177874507440028 0.0052082285552825305
79.50000000000051 0.917787446191326 0.005208228523320991
79.55000000000051 0.9177874410308178 0.005208228462548118
79.6000000000005 0.9177874353650813 0.005208228371518813
79.6500000000005 0.917787429264607 0.005208228250222711
79.7000000000005 0.917787422819016 0.005208228099696144
79.75000000000051 0.9177874161615114 0.005208227921575365
79.80000000000051 0.9177874094333898 0.005208227717624431
79.8500000000005 0.9177874027717684 0.0052082274892605316
79.9000000000005 0.9177873963210919 0.005208227237154878
79.95000000000051 0.9177873901890802 0.005208226960901546
80.00000000000051 0.9177873844092199 0.0052082266588259546
80.05000000000051 0.9177873789743214 0.0052082263278961476
80.1000000000005 0.9177873738414712 0.00520822596378865
80.1500000000005 0.9177873689176277 0.005208225561082696
80.20000000000051 0.9177873641365086 0.005208225113570248
80.25000000000051 0.9177873595285096 0.005208224614659007
80.30000000000051 0.9177873551678402 0.005208224057826005
80.3500000000005 0.9177873510971623 0.005208223437076857
80.40000000000052 0.9177873473272715 0.005208222747422098
80.45000000000051 0.9177873438917995 0.005208221985257146
80.50000000000051 0.9177873408923222 0.00520822114866709
80.55000000000051 0.9177873384682578 0.005208220237630894
80.6000000000005 0.9177873367254186 0.005208219254073719
80.65000000000052 0.917787335726709 0.0052082182018078705
80.70000000000051 0.917787335540151 0.005208217086317831
80.75000000000051 0.9177873362578257 0.005208215914464227
80.80000000000051 0.9177873379516965 0.005208214694078471
80.85000000000052 0.9177873406133175 0.005208213433507592
80.90000000000052 0.9177873441534428 0.005208212141141894
80.95000000000051 0.9177873484719749 0.005208210824959118
81.00000000000051 0.917787353513513 0.00520820949210795
81.05000000000051 0.9177873592246792 0.00520820814859616
81.10000000000052 0.9177873654623347 0.005208206799052182
81.15000000000052 0.9177873719998717 0.005208205446642406
81.20000000000051 0.9177873786333497 0.005208204093077925
81.25000000000051 0.9177873852293631 0.0052082027387612174
81.30000000000052 0.9177873916899906 0.0052082013830292056
81.35000000000052 0.9177873979337439 0.005208200024491183
81.40000000000052 0.9177874039049839 0.005208198661390424
81.45000000000051 0.9177874095879686 0.005208197292028873
81.50000000000051 0.9177874150108136 0.005208195915130658
81.55000000000052 0.9177874202302336 0.005208194530187957
81.60000000000052 0.9177874253373348 0.005208193137739079
81.65000000000052 0.9177874304542091 0.00520819173952025
81.70000000000051 0.91778743566275 0.005208190338545407
81.75000000000053 0.9177874409691841 0.005208188939044041
81.80000000000052 0.9177874463399213 0.0052081875463029035
81.85000000000052 0.9177874516975499 0.0052081861664109155
81.90000000000052 0.9177874569172302 0.0052081848059385896
81.95000000000051 0.917787461865216 0.005208183471566733
82.00000000000053 0.9177874663937353 0.0052081821696891035
82.05000000000052 0.9177874703672584 0.005208180906045264
82.10000000000052 0.9177874737639968 0.005208179685388534
82.15000000000052 0.9177874766609685 0.005208178511248314
82.20000000000053 0.9177874791177143 0.005208177385759228
82.25000000000053 0.9177874811596282 0.005208176309592076
82.30000000000052 0.9177874828169573 0.005208175282021604
82.35000000000052 0.917787484117636 0.005208174301063323
82.40000000000052 0.9177874850912896 0.00520817336371299
82.45000000000053 0.9177874857985959 0.005208172466274207
82.50000000000053 0.9177874863343694 0.005208171604705551
82.55000000000052 0.9177874867950617 0.0052081707749766625
82.60000000000052 0.9177874872368097 0.005208169973441149
82.65000000000053 0.9177874876726367 0.005208169197141678
82.70000000000053 0.9177874881075974 0.005208168444068404
82.75000000000053 0.9177874885478462 0.0052081677133019415
82.80000000000052 0.917787488976163 0.005208167005101421
82.85000000000052 0.917787489337346 0.0052081663208406025
82.90000000000053 0.9177874895529518 0.005208165662908546
82.95000000000053 0.9177874895554533 0.005208165034486188
83.00000000000053 0.9177874893036886 0.0052081644392581155
83.05000000000052 0.917787488770175 0.005208163881126803
83.10000000000053 0.9177874879389529 0.0052081633638444225
83.15000000000053 0.9177874868144968 0.005208162890705997
83.20000000000053 0.9177874854130192 0.005208162464302195
83.25000000000053 0.9177874837574613 0.005208162086250778
83.30000000000052 0.9177874818879656 0.005208161757107322
83.35000000000053 0.9177874798638886 0.005208161476280947
83.40000000000053 0.9177874777500793 0.005208161242100166
83.45000000000053 0.9177874755891214 0.0052081610519349245
83.50000000000053 0.9177874733835751 0.005208160902406743
83.55000000000054 0.9177874711283276 0.005208160789657739
83.60000000000053 0.9177874688552521 0.00520816070963942
83.65000000000053 0.9177874666147372 0.005208160658448396
83.70000000000053 0.917787464433504 0.0052081606326088055
83.75000000000053 0.9177874623204012 0.005208160629341775
83.80000000000054 0.9177874602707735 0.005208160646774445
83.85000000000053 0.9177874582385337 0.005208160684035511
83.90000000000053 0.9177874561516434 0.005208160741346175
83.95000000000053 0.9177874539703114 0.005208160819942501
84.00000000000054 0.9177874516938579 0.005208160921946739
84.05000000000054 0.9177874493190532 0.005208161050183644
84.10000000000053 0.917787446825692 0.005208161207923027
84.15000000000053 0.9177874441914821 0.00520816139857398
84.20000000000053 0.9177874414020079 0.005208161625416645
84.25000000000054 0.9177874384537481 0.0052081618912926
84.30000000000054 0.9177874353645812 0.005208162198353089
84.35000000000053 0.9177874321853765 0.005208162547876681
84.40000000000053 0.9177874289891035 0.00520816294014361
84.45000000000054 0.9177874258495203 0.005208163374379458
84.50000000000054 0.9177874228353546 0.005208163848808973
84.55000000000054 0.9177874200069811 0.005208164360753151
84.60000000000053 0.9177874174091737 0.005208164906821202
84.65000000000055 0.9177874150678956 0.0052081654831397815
84.70000000000054 0.9177874129760095 0.005208166085621505
84.75000000000054 0.9177874110869766 0.005208166710237418
84.80000000000054 0.9177874093495538 0.005208167353285454
84.85000000000053 0.9177874077343184 0.005208168011612037
84.90000000000055 0.917787406218202 0.005208168682800879
84.95000000000054 0.9177874047812947 0.005208169365285296
85.00000000000054 0.9177874034188271 0.005208170058383944
85.05000000000054 0.9177874021197302 0.005208170762268451
85.10000000000055 0.917787400843299 0.0052081714778594405
85.15000000000055 0.917787399549945 0.005208172206652941
85.20000000000054 0.9177873982459769 0.005208172950500977
85.25000000000054 0.9177873969787969 0.005208173711374522
85.30000000000054 0.9177873958120127 0.005208174491104275
85.35000000000055 0.9177873948236883 0.005208175291135123
85.35000000000055 0.9177873948236883 0.005208175291135123
