Time(fs) GroundStateProportion FirstExitedProportion
0.0 1.0 0.0
0.05000000000000001 0.9999999994243913 5.731670424017347e-16
0.10000000000000002 0.9999999980005454 2.323985524720365e-15
0.15000000000000002 0.9999999962747633 5.282769663353131e-15
0.20000000000000004 0.9999999946002024 9.473001816752006e-15
0.25 0.999999993216062 1.491437410834754e-14
0.3 0.9999999922932395 2.161883349351276e-14
0.35 0.9999999918694872 2.959410375380782e-14
0.39999999999999997 0.999999991924605 3.884650167706113e-14
0.44999999999999996 0.9999999923937923 4.9379107982309936e-14
0.49999999999999994 0.9999999931492506 6.119334335163798e-14
0.5499999999999999 0.999999994063344 7.429182903450142e-14
0.6 0.9999999950078959 8.867749132139648e-14
0.6499999999999999 0.999999995851118 1.0435348520237746e-13
0.7 0.9999999965028187 1.213251446378263e-13
0.7499999999999999 0.9999999968988083 1.3959917854068533e-13
0.7999999999999999 0.9999999970001586 1.5918216318592675e-13
0.85 0.9999999968174657 1.800811283985468e-13
0.8999999999999999 0.9999999963834026 2.0230293450509239e-13
0.95 0.999999995751161 2.2585211669558502e-13
0.9999999999999999 0.9999999950026541 2.5073068444808045e-13
1.0499999999999998 0.9999999942166056 2.769382645220921e-13
1.0999999999999999 0.9999999934706718 3.044705868558155e-13
1.15 0.9999999928416266 3.3331937472117625e-13
1.2 0.9999999923788753 3.6347371652832383e-13
1.2499999999999998 0.9999999921149311 3.94919969481311e-13
1.2999999999999998 0.9999999920645597 4.2764215966342796e-13
1.3499999999999999 0.9999999922095044 4.616241807257797e-13
1.4 0.9999999925177219 4.968509127014384e-13
1.4499999999999997 0.9999999929434048 5.333085008855603e-13
1.4999999999999998 0.9999999934221049 5.709863404360241e-13
1.55 0.9999999938939509 6.098781853416055e-13
1.5999999999999999 0.999999994301183 6.499816520544801e-13
1.65 0.9999999945887303 6.91298639487519e-13
1.7 0.9999999947239695 7.338356718298392e-13
1.75 0.9999999946877939 7.776022545191398e-13
1.7999999999999998 0.9999999944757364 8.226095983815068e-13
1.8499999999999999 0.9999999941092625 8.688702686509712e-13
1.9 0.9999999936197902 9.163961692642448e-13
1.95 0.9999999930491853 9.651967695421984e-13
1.9999999999999998 0.999999992452798 1.0152788154349067e-12
2.05 0.9999999918805184 1.0666456144744367e-12
2.0999999999999996 0.99999999137923 1.119296029820386e-12
2.15 0.9999999909919003 1.1732253088528031e-12
2.1999999999999997 0.9999999907413762 1.2284264499714655e-12
2.25 0.9999999906387855 1.2848907412552516e-12
2.3 0.9999999906821576 1.3426095037777369e-12
2.3499999999999996 0.9999999908476251 1.4015769818139793e-12
2.4 0.9999999911036254 1.4617916571158213e-12
2.4499999999999997 0.9999999914103392 1.5232577575206272e-12
2.4999999999999996 0.9999999917175226 1.58598781808065e-12
2.55 0.9999999919814541 1.6500034220809915e-12
2.5999999999999996 0.999999992162042 1.715334939351591e-12
2.6499999999999995 0.9999999922241382 1.7820221863442077e-12
2.6999999999999997 0.9999999921514044 1.8501138127273243e-12
2.7499999999999996 0.9999999919383304 1.9196649884865542e-12
2.8 0.9999999915914033 1.9907361140889233e-12
2.8499999999999996 0.9999999911365557 2.0633914111402538e-12
2.8999999999999995 0.999999990605609 2.1376960750231237e-12
2.9499999999999997 0.9999999900371987 2.2137144785156865e-12
2.9999999999999996 0.9999999894779751 2.2915097429719254e-12
3.0499999999999994 0.9999999889671483 2.371142390980407e-12
3.1 0.9999999885397518 2.4526699857595917e-12
3.1500000000000004 0.9999999882249136 2.5361488327784813e-12
3.2000000000000006 0.9999999880335456 2.6216354024925184e-12
3.250000000000001 0.9999999879665548 2.7091878030670444e-12
3.300000000000001 0.9999999880133479 2.7988691869976482e-12
3.3500000000000014 0.9999999881457696 2.890750952972859e-12
3.4000000000000017 0.9999999883311999 2.9849148615930688e-12
3.4500000000000024 0.9999999885313885 3.081455819560953e-12
3.5000000000000027 0.9999999887019472 3.1804847506849194e-12
3.550000000000003 0.999999988806788 3.2821291424244915e-12
3.600000000000003 0.9999999888147579 3.3865332024832705e-12
3.6500000000000035 0.9999999887013433 3.4938584982912227e-12
3.7000000000000037 0.9999999884599557 3.6042821375773677e-12
3.750000000000004 0.9999999880935206 3.7179941427729165e-12
3.8000000000000047 0.9999999876160011 3.835195905284377e-12
3.850000000000005 0.9999999870574479 3.956097614672773e-12
3.9000000000000052 0.9999999864511606 4.080914736675678e-12
3.9500000000000055 0.9999999858350073 4.209866661680303e-12
4.000000000000006 0.9999999852514648 4.343175782343111e-12
4.050000000000006 0.9999999847335442 4.481066150096886e-12
4.100000000000007 0.9999999843088895 4.623764204539677e-12
4.150000000000007 0.9999999839975591 4.771501369861995e-12
4.200000000000007 0.9999999838018001 4.924515956775754e-12
4.250000000000007 0.999999983714872 5.083056226616535e-12
4.300000000000008 0.9999999837192901 5.247385298471157e-12
4.3500000000000085 0.9999999837826276 5.417784977265735e-12
4.400000000000008 0.9999999838703653 5.594558771832584e-12
4.450000000000009 0.9999999839443929 5.778035932821289e-12
4.500000000000009 0.9999999839635866 5.968574380831536e-12
4.55000000000001 0.9999999838971233 6.166560810998043e-12
4.600000000000009 0.9999999837203292 6.372411278012234e-12
4.65000000000001 0.9999999834166907 6.58657120208075e-12
4.700000000000011 0.9999999829876632 6.809512187431874e-12
4.750000000000011 0.999999982443321 7.04172906796923e-12
4.800000000000011 0.999999981804109 7.28373812090314e-12
4.850000000000011 0.9999999811043837 7.53607309966552e-12
4.900000000000012 0.9999999803793852 7.799281794922955e-12
4.950000000000012 0.9999999796669868 8.07392549295041e-12
5.000000000000012 0.9999999790068005 8.360577997590471e-12
5.050000000000013 0.9999999784269459 8.659825188409776e-12
5.100000000000013 0.9999999779488721 8.972268094095588e-12
5.150000000000014 0.9999999775849299 9.298526632395429e-12
5.2000000000000135 0.9999999773295517 9.639242984860164e-12
5.250000000000014 0.9999999771688636 9.99508728560632e-12
5.300000000000015 0.9999999770789167 1.0366764154795491e-11
5.350000000000015 0.9999999770228102 1.0755017385254105e-11
5.4000000000000155 0.9999999769639673 1.116063424278711e-11
5.450000000000015 0.9999999768641147 1.1584450626376687e-11
5.500000000000016 0.9999999766845554 1.202735302974998e-11
5.550000000000016 0.9999999763992428 1.2490278308967075e-11
5.6000000000000165 0.9999999759893672 1.297421421018609e-11
5.650000000000017 0.9999999754459103 1.3480197534610016e-11
5.700000000000017 0.9999999747780174 1.4009309465702382e-11
5.750000000000018 0.9999999740026712 1.4562672638665105e-11
5.800000000000018 0.9999999731465963 1.5141448406797626e-11
5.850000000000018 0.9999999722484995 1.5746831979232145e-11
5.900000000000018 0.9999999713454796 1.638005052588363e-11
5.950000000000019 0.9999999704754974 1.7042364146603063e-11
6.0000000000000195 0.9999999696754397 1.7735066052269346e-11
6.050000000000019 0.9999999689684423 1.845948530403997e-11
6.10000000000002 0.9999999683698217 1.9216993827101034e-11
6.15000000000002 0.9999999678842676 2.0009012703802284e-11
6.200000000000021 0.9999999674982304 2.0837019180418025e-11
6.25000000000002 0.999999967190793 2.170255659759805e-11
6.300000000000021 0.9999999669315368 2.2607243044098858e-11
6.350000000000022 0.9999999666790564 2.3552777452035667e-11
6.400000000000022 0.9999999663949232 2.4540946305054106e-11
6.450000000000022 0.999999966040756 2.5573628806134122e-11
6.500000000000022 0.999999965580586 2.6652797298035128e-11
6.550000000000023 0.999999964993467 2.7780516704220603e-11
6.600000000000023 0.9999999642667421 2.8958943574613756e-11
6.6500000000000234 0.9999999633990883 3.019032137093147e-11
6.700000000000024 0.9999999624075534 3.14769744665104e-11
6.750000000000024 0.999999961316052 3.28213050015894e-11
6.800000000000025 0.9999999601575972 3.42257891867848e-11
6.8500000000000245 0.9999999589751329 3.5692973123999245e-11
6.900000000000025 0.9999999578071752 3.7225474610385435e-11
6.950000000000025 0.9999999566911261 3.8825987488434345e-11
7.000000000000026 0.9999999556605986 4.04972858121831e-11
7.0500000000000265 0.9999999547332244 4.224223388659938e-11
7.100000000000026 0.9999999539179408 4.406380015479403e-11
7.150000000000027 0.9999999532110456 4.596506925551254e-11
7.200000000000027 0.9999999525891562 4.794925608130527e-11
7.2500000000000275 0.9999999520233416 5.0019723308085656e-11
7.300000000000027 0.9999999514795641 5.217999409878321e-11
7.350000000000028 0.9999999509168559 5.4433761661499676e-11
7.400000000000029 0.9999999502930635 5.678489826531264e-11
7.450000000000029 0.9999999495566189 5.923745731429365e-11
7.500000000000029 0.9999999486669805 6.179567089573314e-11
7.550000000000029 0.9999999476328206 6.44639504645744e-11
7.60000000000003 0.9999999464880556 6.724689082749114e-11
7.65000000000003 0.9999999452260842 7.014927106376059e-11
7.70000000000003 0.999999943778734 7.317604644910644e-11
7.750000000000031 0.9999999421199857 7.633231991242523e-11
7.800000000000031 0.9999999404172334 7.962330005176863e-11
7.850000000000032 0.9999999389325146 8.305429594310873e-11
7.900000000000031 0.9999999376615698 8.663079851382315e-11
7.950000000000032 0.9999999362399403 9.035860458013722e-11
8.000000000000032 0.9999999344393792 9.424385257701892e-11
8.050000000000033 0.999999932683899 9.829288463755226e-11
8.100000000000033 0.9999999316805188 1.0251203867288151e-10
8.150000000000034 0.9999999313821107 1.0690762873821979e-10
8.200000000000033 0.9999999307939228 1.1148624035344708e-10
8.250000000000034 0.9999999292102653 1.1625510698590568e-10
8.300000000000034 0.9999999272272727 1.2122219578398633e-10
8.350000000000035 0.9999999259713782 1.263959328564866e-10
8.400000000000036 0.9999999255862939 1.317848703148246e-10
8.450000000000035 0.9999999251261807 1.3739760378791616e-10
8.500000000000036 0.9999999238134369 1.432429462132865e-10
8.550000000000036 0.9999999216890256 1.493301227048894e-10
8.600000000000037 0.9999999191233695 1.5566881325601922e-10
8.650000000000036 0.9999999165182601 1.622690875871119e-10
8.700000000000037 0.9999999144319701 1.6914140394389907e-10
8.750000000000037 0.9999999131256903 1.762967400027208e-10
8.800000000000038 0.9999999119665235 1.8374670490641464e-10
8.850000000000039 0.9999999100079953 1.9150341376219646e-10
8.900000000000038 0.9999999071284308 1.995791836962592e-10
8.950000000000038 0.9999999040132098 2.0798638763650807e-10
9.000000000000039 0.9999999012864537 2.1673761610122084e-10
9.05000000000004 0.9999998993007434 2.2584587134318592e-10
9.10000000000004 0.9999998982776622 2.3532458518503175e-10
9.15000000000004 0.9999998978595764 2.4518772544428037e-10
9.20000000000004 0.9999998970286648 2.5545017649422716e-10
9.25000000000004 0.9999998951094455 2.6612801904636395e-10
9.300000000000042 0.9999998923457435 2.7723837315769467e-10
9.35000000000004 0.9999998892994201 2.8879909608949797e-10
9.400000000000041 0.9999998864440125 3.008287260560203e-10
9.450000000000042 0.9999998843028811 3.1334653927080896e-10
9.500000000000043 0.9999998830385658 3.2637244871881245e-10
9.550000000000043 0.9999998819465813 3.39926858892764e-10
9.600000000000042 0.9999998800798949 3.540307190019776e-10
9.650000000000043 0.9999998770942663 3.687057068071526e-10
9.700000000000044 0.9999998730807331 3.839743036844937e-10
9.750000000000044 0.9999998683593997 3.9985971779169344e-10
9.800000000000045 0.9999998637814979 4.1638586399353097e-10
9.850000000000044 0.9999998602910793 4.33577576991069e-10
9.900000000000045 0.9999998580264639 4.514609016385358e-10
9.950000000000045 0.9999998564928446 4.700631645394806e-10
10.000000000000046 0.999999855138888 4.894129349424037e-10
10.050000000000045 0.9999998532455536 5.095401796568543e-10
10.100000000000046 0.9999998501341706 5.304764163152976e-10
10.150000000000047 0.9999998459200898 5.522544716529952e-10
10.200000000000047 0.9999998413642543 5.74908135548355e-10
10.250000000000048 0.9999998371170068 5.984722218729735e-10
10.300000000000047 0.9999998336885251 6.229827892396576e-10
10.350000000000048 0.9999998314472389 6.48477099954251e-10
10.400000000000048 0.9999998300213357 6.749936462837585e-10
10.450000000000049 0.9999998284198129 7.025725763232893e-10
10.50000000000005 0.9999998258831378 7.312560528191116e-10
10.550000000000049 0.9999998219769857 7.610881910816765e-10
10.60000000000005 0.99999981646755 7.921149650129532e-10
10.65000000000005 0.999999809842283 8.24384324442499e-10
10.70000000000005 0.9999998031864159 8.579462354244143e-10
10.75000000000005 0.9999997973054776 8.928525351948872e-10
10.80000000000005 0.9999997926377152 9.291568902249544e-10
10.850000000000051 0.9999997894063386 9.669150185535427e-10
10.900000000000052 0.9999997871267816 1.0061849795892372e-9
10.950000000000053 0.9999997847549192 1.0470272447102408e-9
11.000000000000052 0.9999997815292163 1.0895046314496514e-9
11.050000000000052 0.9999997770274492 1.1336824247458675e-9
11.100000000000053 0.9999997710400699 1.179628525934049e-9
11.150000000000054 0.9999997640539834 1.2274132278063763e-9
11.200000000000054 0.999999757078553 1.277109000342847e-9
11.250000000000053 0.9999997508455345 1.3287908156284303e-9
11.300000000000054 0.9999997457903095 1.382536544016045e-9
11.350000000000055 0.9999997421257291 1.438427005547012e-9
11.400000000000055 0.9999997393199165 1.4965462793020551e-9
11.450000000000054 0.9999997363133447 1.556982427442659e-9
11.500000000000055 0.999999732284072 1.6198277875364459e-9
11.550000000000056 0.9999997265973726 1.6851787977357616e-9
11.600000000000056 0.9999997188513825 1.7531360881282544e-9
11.650000000000057 0.9999997094863681 1.8238046351648223e-9
11.700000000000056 0.9999996994917534 1.8972934825291498e-9
11.750000000000057 0.9999996897436805 1.9737154791978e-9
11.800000000000058 0.9999996811517483 2.0531874777581184e-9
11.850000000000058 0.999999674410172 2.1358306821302397e-9
11.900000000000059 0.9999996693316493 2.2217708932438466e-9
11.950000000000058 0.9999996652096453 2.3111388049629327e-9
12.000000000000059 0.9999996612590566 2.4040705037892905e-9
12.05000000000006 0.9999996563949967 2.5007079610037627e-9
12.10000000000006 0.9999996496991219 2.601199096294518e-9
12.150000000000059 0.9999996410510459 2.7056975925534942e-9
12.20000000000006 0.9999996307527504 2.8143630318093557e-9
12.25000000000006 0.9999996193821217 2.927361039894659e-9
12.300000000000061 0.9999996080396683 3.0448629767113505e-9
12.350000000000062 0.99999959772039 3.167045992209675e-9
12.40000000000006 0.9999995887970822 3.2940938198186173e-9
12.45000000000006 0.9999995813472464 3.4261972980564084e-9
12.50000000000006 0.9999995749856784 3.5635545980391555e-9
12.550000000000061 0.9999995686317067 3.7063720883297928e-9
12.600000000000062 0.9999995612285608 3.8548652280235255e-9
12.650000000000063 0.9999995520743573 4.009258614213745e-9
12.700000000000061 0.9999995406033088 4.169786002395737e-9
12.750000000000062 0.9999995268811085 4.336690730844781e-9
12.800000000000063 0.9999995117731626 4.510225753185368e-9
12.850000000000064 0.9999994962463031 4.690653427430484e-9
12.900000000000064 0.9999994813210322 4.878245845657894e-9
12.950000000000063 0.9999994680948462 5.073285569376619e-9
13.000000000000064 0.9999994569748965 5.276066359116142e-9
13.050000000000065 0.999999447645308 5.48689396724887e-9
13.100000000000065 0.9999994395365803 5.706087158277356e-9
13.150000000000064 0.9999994315387346 5.933978877558183e-9
13.200000000000065 0.9999994222402876 6.170916937725711e-9
13.250000000000066 0.9999994107445128 6.41726404280215e-9
13.300000000000066 0.9999993965398006 6.673397994278548e-9
13.350000000000067 0.9999993794674052 6.939711857680645e-9
13.400000000000066 0.9999993602428715 7.216613226545305e-9
13.450000000000067 0.9999993400089837 7.504523690375653e-9
13.500000000000068 0.9999993197857395 7.803879396979776e-9
13.550000000000068 0.9999993006941439 8.115131371525281e-9
13.600000000000069 0.9999992835182642 8.438745706338426e-9
13.650000000000068 0.9999992681709226 8.775205122131384e-9
13.700000000000069 0.9999992541684268 9.125010885502236e-9
13.75000000000007 0.9999992407028755 9.488683899184949e-9
13.80000000000007 0.9999992264422525 9.86676618024896e-9
13.850000000000069 0.9999992102566936 1.0259822765706103e-8
13.90000000000007 0.9999991915506472 1.0668442664840444e-8
13.95000000000007 0.999999169964337 1.1093239353007531e-8
14.000000000000071 0.99999914578927 1.1534851632838545e-8
14.050000000000072 0.9999991200485576 1.1993944426980051e-8
14.10000000000007 0.9999990937802579 1.2471209400854661e-8
14.150000000000071 0.9999990680348065 1.2967365877950019e-8
14.200000000000072 0.9999990438578713 1.348316233307799e-8
14.250000000000073 0.9999990215578913 1.4019378420960027e-8
14.300000000000074 0.9999990007910603 1.4576826863976003e-8
14.350000000000072 0.9999989809464348 1.5156355164290508e-8
14.400000000000073 0.9999989608091231 1.5758847926002103e-8
14.450000000000074 0.9999989389214287 1.638522870887542e-8
14.500000000000075 0.999998914295671 1.7036460439613497e-8
14.550000000000074 0.9999988861917958 1.771354610581183e-8
14.600000000000074 0.9999988543027113 1.8417529787231507e-8
14.650000000000075 0.999998819265747 1.9149496203521186e-8
14.700000000000076 0.9999987821101627 1.9910570484619472e-8
14.750000000000076 0.9999987439791305 2.070191980839487e-8
14.800000000000075 0.999998706355798 2.1524754776037203e-8
14.850000000000076 0.9999986703537046 2.23803308741743e-8
14.900000000000077 0.9999986363460972 2.3269952154419603e-8
14.950000000000077 0.9999986043769534 2.4194975516415717e-8
15.000000000000078 0.9999985737993171 2.515681426461035e-8
15.050000000000077 0.9999985432191759 2.6156942415262795e-8
15.100000000000078 0.9999985112804248 2.7196899169460038e-8
15.150000000000079 0.9999984766257664 2.8278292123787583e-8
15.20000000000008 0.9999984379463933 2.9402799725774358e-8
15.250000000000078 0.999998394784959 3.057217328080541e-8
15.300000000000079 0.999998347363403 3.178823858095049e-8
15.35000000000008 0.9999982962001378 3.305289727490076e-8
15.40000000000008 0.9999982424576838 3.436812799206283e-8
15.450000000000081 0.9999981875414372 3.573598853078908e-8
15.50000000000008 0.9999981326243113 3.715861942881722e-8
15.55000000000008 0.9999980789046904 3.8638247402244413e-8
15.600000000000081 0.9999980269625162 4.017719055192526e-8
15.650000000000082 0.999997976100322 4.177786675382565e-8
15.700000000000083 0.9999979252047888 4.3442801236103625e-8
15.750000000000082 0.9999978733586931 4.517463189715119e-8
15.800000000000082 0.9999978196404292 4.697611526589156e-8
15.850000000000083 0.9999977629454541 4.885013292406211e-8
15.900000000000084 0.999997701520113 5.079969864533688e-8
15.950000000000083 0.9999976336890213 5.282796768299376e-8
16.000000000000085 0.999997560081927 5.493824289682857e-8
16.050000000000086 0.9999974833934729 5.713397429899816e-8
16.100000000000083 0.9999974053064236 5.9418759862986505e-8
16.150000000000084 0.9999973251856076 6.179635388195241e-8
16.200000000000085 0.9999972420345374 6.427067902607265e-8
16.250000000000085 0.9999971572173045 6.684583676257109e-8
16.300000000000086 0.9999970742828672 6.952611543391521e-8
16.350000000000087 0.9999969945988625 7.231600002406052e-8
16.400000000000087 0.999996914590616 7.522018611585027e-8
16.450000000000088 0.9999968295549057 7.824359220349593e-8
16.50000000000009 0.9999967383373368 8.13913663437166e-8
16.550000000000086 0.9999966424853947 8.466889381153295e-8
16.600000000000087 0.9999965426688748 8.808181180579741e-8
16.650000000000087 0.9999964373237241 9.163602772847853e-8
16.700000000000088 0.9999963244401574 9.533773352463061e-8
16.75000000000009 0.9999962037652318 9.919341280652471e-8
16.80000000000009 0.9999960764357059 1.0320984851768804e-7
16.85000000000009 0.9999959440776953 1.0739413801490665e-7
16.90000000000009 0.9999958096088137 1.1175370731674767e-7
16.95000000000009 0.9999956760415256 1.1629632287340715e-7
17.000000000000092 0.999995543102723 1.2103011804129828e-7
17.05000000000009 0.9999954076374857 1.2596363505585314e-7
17.10000000000009 0.9999952673641757 1.3110586013576676e-7
17.15000000000009 0.9999951222243265 1.3646624416427408e-7
17.20000000000009 0.9999949726638047 1.4205472165558132e-7
17.250000000000092 0.9999948178885418 1.4788173695405852e-7
17.300000000000093 0.9999946560058073 1.5395827651203033e-7
17.350000000000094 0.9999944850526243 1.6029590091747335e-7
17.400000000000095 0.9999943027321075 1.669067744031987e-7
17.450000000000095 0.999994106910511 1.73803695271604e-7
17.500000000000092 0.9999938984614624 1.8100012552533483e-7
17.550000000000093 0.9999936812879582 1.8851022022725374e-7
17.600000000000094 0.9999934584087337 1.9634886648469917e-7
17.650000000000095 0.9999932305297737 2.045317324225314e-7
17.700000000000095 0.9999929975363988 2.1307531820498196e-7
17.750000000000096 0.9999927586007418 2.219970126569995e-7
17.800000000000097 0.9999925119842756 2.3131515789130375e-7
17.850000000000097 0.9999922564380365 2.4104911307867085e-7
17.900000000000098 0.9999919922567404 2.512193145758432e-7
17.950000000000095 0.9999917201232832 2.618473422854157e-7
18.000000000000096 0.9999914387558777 2.7295600465924287e-7
18.050000000000097 0.9999911447596632 2.8456943875681424e-7
18.100000000000097 0.9999908348921884 2.967132028964707e-7
18.150000000000098 0.9999905066169582 3.0941435926093427e-7
18.2000000000001 0.999990157728315 3.227015681891984e-7
18.2500000000001 0.9999897883569243 3.3660518738498654e-7
18.3000000000001 0.9999894014770482 3.5115735759238326e-7
18.3500000000001 0.9999889996529472 3.6639209830198564e-7
18.4000000000001 0.999988583492745 3.8234543761051694e-7
18.4500000000001 0.999988152801192 3.990555597797043e-7
18.5000000000001 0.9999877064745125 4.165629587692529e-7
18.5500000000001 0.9999872421399355 4.3491060753592495e-7
18.6000000000001 0.9999867576552195 4.5414414258212965e-7
18.6500000000001 0.9999862524110731 4.743120566061215e-7
18.700000000000102 0.9999857264780113 4.954659041343515e-7
18.750000000000103 0.9999851788091969 5.176605299379643e-7
18.800000000000104 0.9999846069992144 5.409543192352391e-7
18.850000000000104 0.9999840081387702 5.654094632386564e-7
18.9000000000001 0.9999833783576402 5.910922463644397e-7
18.950000000000102 0.9999827129910192 6.180733581559509e-7
19.000000000000103 0.9999820092300464 6.46428208065612e-7
19.050000000000104 0.9999812669075356 6.762372478899132e-7
19.100000000000104 0.9999804864118695 7.07586342828621e-7
19.150000000000105 0.9999796683640214 7.40567189106993e-7
19.200000000000106 0.9999788138714638 7.752777543501402e-7
19.250000000000107 0.9999779223540415 8.118227742261353e-7
19.300000000000107 0.9999769906184416 8.503143304105014e-7
19.350000000000104 0.9999760147021877 8.908724715054957e-7
19.400000000000105 0.9999749907094304 9.336258622546428e-7
19.450000000000106 0.9999739144718577 9.78712494406415e-7
19.500000000000107 0.9999727822009762 1.0262804670133793e-6
19.550000000000107 0.9999715910692621 1.0764888230088468e-6
19.600000000000108 0.999970338230673 1.1295084552505007e-6
19.65000000000011 0.9999690194328421 1.1855231117365237e-6
19.70000000000011 0.9999676291372355 1.2447305112655386e-6
19.75000000000011 0.9999661614442072 1.307343560523547e-6
19.80000000000011 0.9999646098921164 1.3735916784053253e-6
19.850000000000108 0.9999629676843345 1.4437222523749405e-6
19.90000000000011 0.9999612295445923 1.5180022306448421e-6
19.95000000000011 0.9999593918257044 1.5967198616299806e-6
20.00000000000011 0.9999574507119168 1.6801866253302547e-6
20.05000000000011 0.9999554021616197 1.7687393768823498e-6
20.10000000000011 0.9999532418959908 1.8627427139028272e-6
20.150000000000112 0.9999509633898692 1.962591625958022e-6
20.200000000000113 0.999948557484668 2.068714452307944e-6
20.250000000000114 0.9999460139173538 2.181576128985352e-6
20.30000000000011 0.9999433213644674 2.301681776124621e-6
20.35000000000011 0.9999404672970728 2.429580697217958e-6
20.400000000000112 0.9999374392537749 2.5658707934676254e-6
20.450000000000113 0.9999342251755856 2.711203432202489e-6
20.500000000000114 0.999930812385161 2.8662888848962823e-6
20.550000000000114 0.99992718712522 3.03190241794762e-6
20.600000000000115 0.999923334593272 3.208891087281261e-6
20.650000000000116 0.999919238493465 3.398181331891101e-6
20.700000000000117 0.9999148805124233 3.600787501799072e-6
20.750000000000114 0.9999102407276599 3.8178214431669604e-6
20.800000000000114 0.9999052983971346 4.050503240322351e-6
20.850000000000115 0.9999000317318989 4.300173269519062e-6
20.900000000000116 0.9998944175048354 4.568305801356874e-6
20.950000000000117 0.9998884314474135 4.856524367308704e-6
21.000000000000117 0.9998820477288756 5.1666190999144624e-6
21.050000000000118 0.9998752375530928 5.500566382675345e-6
21.10000000000012 0.9998679689754045 5.860551191717335e-6
21.15000000000012 0.9998602069474186 6.24899248081261e-6
21.20000000000012 0.9998519124003685 6.668572069544016e-6
21.250000000000117 0.9998430421658226 7.12226761425455e-6
21.300000000000118 0.9998335496729297 7.6133902706221325e-6
21.35000000000012 0.9998233846625653 8.14562778587929e-6
21.40000000000012 0.999812492740035 8.723093941399155e-6
21.45000000000012 0.9998008155403812 9.350385385000168e-6
21.50000000000012 0.9997882903311999 1.0032647095949051e-5
21.55000000000012 0.9997748490746284 1.0775648020788425e-5
21.600000000000122 0.9997604178726838 1.1585868659459926e-5
21.650000000000123 0.9997449164898531 1.2470602697840858e-5
21.70000000000012 0.9997282575640549 1.3438075267675199e-5
21.75000000000012 0.9997103458635581 1.4497580933650818e-5
21.80000000000012 0.9996910777307495 1.5659645075981767e-5
21.850000000000122 0.9996703404558717 1.693621311732223e-5
21.900000000000123 0.9996480114513119 1.83408730515484e-5
21.950000000000124 0.9996239573513632 1.9889117921867013e-5
22.000000000000124 0.9995980331742732 2.1598656278791872e-5
22.050000000000125 0.9995700814287082 2.348978044769479e-5
22.100000000000126 0.9995399309644399 2.5585804827818837e-5
22.150000000000126 0.9995073957401516 2.791358926205998e-5
22.200000000000124 0.9994722737437235 3.0504165854406894e-5
22.250000000000124 0.9994343456626152 3.3393492153178823e-5
22.300000000000125 0.9993933730826835 3.662335944648686e-5
22.350000000000126 0.9993490968520933 4.024249169884706e-5
22.400000000000126 0.9993012355314257 4.430787935494647e-5
22.450000000000127 0.9992494832187142 4.888640388593862e-5
22.500000000000128 0.999193507413706 5.4056823141133704e-5
22.55000000000013 0.9991329474484549 5.991220496192827e-5
22.60000000000013 0.999067412467517 6.65629193726518e-5
22.650000000000126 0.9989964790872884 7.414032847017248e-5
22.700000000000127 0.9989196896944963 8.280134799251411e-5
22.750000000000128 0.9988365505276716 9.273409817254885e-5
22.80000000000013 0.9987465290312553 0.00010416491557285939
22.85000000000013 0.9986490515467884 0.0001173670611689152
22.90000000000013 0.9985435011441918 0.0001326715330265041
22.95000000000013 0.9984292148420348 0.0001504804731027076
23.00000000000013 0.9983054809975588 0.0001712837384167882
23.050000000000132 0.9981715372820322 0.00019567927135131865
23.10000000000013 0.9980265686228675 0.00022439792603857513
23.15000000000013 0.9978697053052266 0.0002583333407468741
23.20000000000013 0.9977000218270766 0.00029857721469809406
23.25000000000013 0.997516536269813 0.0003464598445640695
23.300000000000132 0.997318209869219 0.00040359486155992395
23.350000000000133 0.9971039471881952 0.0004719256331548116
23.400000000000134 0.9968725972228262 0.0005537686547007692
23.450000000000134 0.9966229551935428 0.000651846539043835
23.500000000000135 0.9963537652134598 0.0007693003810896066
23.550000000000136 0.9960637244134121 0.0009096693817597562
23.600000000000133 0.9957514883130152 0.0010768263315278814
23.650000000000134 0.9954156774754799 0.0012748626990045577
23.700000000000134 0.9950548863052501 0.0015079274082311842
23.750000000000135 0.9946676938085043 0.0017800370162487985
23.800000000000136 0.9942526757471614 0.002094886686853588
23.850000000000136 0.9938084187403577 0.00245569447977719
23.900000000000137 0.9933335364991468 0.002865102499907154
23.950000000000138 0.9928266880477928 0.0033251406437358566
24.00000000000014 0.9922865982457242 0.003837240932942779
24.050000000000136 0.9917120798004845 0.004402281138058758
24.100000000000136 0.9911020560845863 0.005020637760527126
24.150000000000137 0.9904555860934371 0.00569223627195723
24.200000000000138 0.9897718917547452 0.006416594711686572
24.25000000000014 0.98905038559018 0.007192861538809924
24.30000000000014 0.9882906975777958 0.008019849653294374
24.35000000000014 0.9874927010026988 0.00889606742479091
24.40000000000014 0.9866565374778179 0.009819746219725861
24.45000000000014 0.9857826415263286 0.010788863252600677
24.50000000000014 0.9848717627667607 0.011801158781337523
24.55000000000014 0.9839249825205135 0.012854147456137208
24.60000000000014 0.9829437249948171 0.013945124559553558
24.65000000000014 0.9819297648735823 0.015071168596648853
24.70000000000014 0.9808852306065495 0.016229142121048385
24.750000000000142 0.9798126012342753 0.01741569283533364
24.800000000000143 0.978714695756495 0.018627256904090658
24.850000000000144 0.9775946554474437 0.019860066121426607
24.900000000000144 0.9764559199190614 0.021110160162108246
24.950000000000145 0.97530219707294 0.022373404676281152
25.000000000000142 0.9741374267609513 0.02364551551150492
25.050000000000143 0.9729657389534906 0.024922088914062626
25.100000000000144 0.9717914077930813 0.026198637204234144
25.150000000000144 0.9706188018744553 0.027470629125334056
25.200000000000145 0.9694523308929204 0.028733533807061652
25.250000000000146 0.9682963910448746 0.02998286708764237
25.300000000000146 0.9671553120961371 0.031214238872275563
25.350000000000147 0.9660333061445329 0.0324234002370375
25.400000000000148 0.9649344176264995 0.03360628901546547
25.450000000000145 0.9638624765349464 0.03475907264629666
25.500000000000146 0.96282105652776 0.035878187199547405
25.550000000000146 0.9618134382446433 0.03696037169550207
25.600000000000147 0.9608425785159376 0.03800269701574137
25.650000000000148 0.9599110859807409 0.03900258890092607
25.70000000000015 0.9590212034834855 0.03995784474501164
25.75000000000015 0.9581747973822947 0.040866644084179435
25.80000000000015 0.9573733523732123 0.04172755285100742
25.85000000000015 0.9566179715817231 0.04253952165615712
25.900000000000148 0.9559093836463136 0.04330187852475618
25.95000000000015 0.9552479557292959 0.04401431659389016
26.00000000000015 0.9546337099825989 0.04467687733279351
26.05000000000015 0.9540663438959899 0.04528992994288722
26.10000000000015 0.9535452544290808 0.045854147653406965
26.15000000000015 0.9530695637784398 0.04637048159715788
26.200000000000152 0.9526381463016057 0.04684013291902749
26.250000000000153 0.9522496570557033 0.04726452376729348
26.300000000000153 0.95190256137005 0.04764526778183842
26.350000000000154 0.9515951645645149 0.047984140630588513
26.40000000000015 0.9513256406607218 0.04828305108515731
26.450000000000152 0.9510920596955189 0.048544013048183676
26.500000000000153 0.9508924142427034 0.048769118866541616
26.550000000000153 0.950724644343369 0.04896051421634135
26.600000000000154 0.9505866599098085 0.049120374792255006
26.650000000000155 0.9504763617501811 0.04925088495385654
26.700000000000156 0.9503916614499867 0.049354218412707165
26.750000000000156 0.9503304984489044 0.04943252100724565
26.800000000000157 0.9502908542560216 0.04948789558272615
26.850000000000154 0.9502707651185099 0.04952238894907883
26.900000000000155 0.950268332923896 0.04953798084148797
26.950000000000156 0.9502817336082228 0.049536574782668236
27.000000000000156 0.9503092239361097 0.04951999074389891
27.050000000000157 0.9503491474692695 0.04948995949475783
27.100000000000158 0.9503999389050356 0.049448118503802124
27.15000000000016 0.9504601263684221 0.049396009234740884
27.20000000000016 0.9505283325585541 0.04933507569420309
27.25000000000016 0.9506032750656607 0.04926666409832724
27.30000000000016 0.9506837655411516 0.04919202351979643
27.350000000000158 0.9507687079400575 0.04911230737684252
27.40000000000016 0.9508570963270775 0.04902857563628804
27.45000000000016 0.9509480124886396 0.04894179761350442
27.50000000000016 0.9510406229112707 0.048852855265342596
27.55000000000016 0.951134174763781 0.04876254688039964
27.60000000000016 0.9512279918200491 0.048671591069136017
27.650000000000162 0.951321470618005 0.04858063096478995
27.700000000000163 0.9514140758365158 0.04849023857056508
27.750000000000163 0.9515053355408216 0.04840091920055738
27.80000000000016 0.9515948373198702 0.04831311595323973
27.85000000000016 0.9516822241449343 0.048227214159599206
27.900000000000162 0.9517671896606834 0.048143545773125795
27.950000000000163 0.9518494741089133 0.04806239367927056
28.000000000000163 0.9519288604599828 0.04798399588999493
28.050000000000164 0.9520051701608875 0.04790854959328286
28.100000000000165 0.9520782592722649 0.047836215048024794
28.150000000000166 0.9521480151000402 0.04776711931765353
28.200000000000166 0.9522143528908377 0.04770135983023002
28.250000000000163 0.9522772126441589 0.047639007758720736
28.300000000000164 0.9523365560471085 0.04758011121997573
28.350000000000165 0.9523923636177225 0.04752469829121676
28.400000000000166 0.9524446320239517 0.047472779848244565
28.450000000000166 0.9524933712975461 0.047424352230563495
28.500000000000167 0.9525386023119977 0.047379399733771074
28.550000000000168 0.952580354753637 0.04733789693418215
28.60000000000017 0.9526186650216008 0.04729981085832017
28.65000000000017 0.9526535741605463 0.047265103005703905
28.70000000000017 0.9526851262587196 0.04723373122738556
28.750000000000167 0.9527133668739786 0.047205651467896036
28.800000000000168 0.9527383413244446 0.04718081938349521
28.85000000000017 0.952760093284915 0.04715919184515138
28.90000000000017 0.9527786635817183 0.047140728330504124
28.95000000000017 0.9527940889220329 0.04712539221270112
29.00000000000017 0.9528064007506989 0.047113151956383895
29.05000000000017 0.9528156242857705 0.04710398222802656
29.100000000000172 0.9528217775468545 0.047097864925735505
29.150000000000173 0.9528248704002907 0.047094790135430685
29.20000000000017 0.9528249037082877 0.04709475702124452
29.25000000000017 0.9528218685281863 0.047097774656358705
29.30000000000017 0.9528157453540066 0.04710386279981114
29.350000000000172 0.9528065034437435 0.0471130526258028
29.400000000000173 0.9527941001727214 0.047125387411973495
29.450000000000173 0.9527784803854592 0.047140923191797454
29.500000000000174 0.9527595757990795 0.047159729376216264
29.550000000000175 0.9527373044196253 0.04718188935056121
29.600000000000176 0.9527115699088926 0.04720750105254795
29.650000000000173 0.9526822609844954 0.04723667753583996
29.700000000000173 0.9526492509319731 0.04726954752297727
29.750000000000174 0.952612397092061 0.04730625595269834
29.800000000000175 0.9525715402368581 0.04734696452811604
29.850000000000176 0.9525265040576346 0.04739185226987491
29.900000000000176 0.9524770947137856 0.04744111607542299
29.950000000000177 0.952423100074478 0.04749497128912015
30.000000000000178 0.9523642889509883 0.04755365229209904
30.05000000000018 0.9523004106229154 0.04761741311436553
30.10000000000018 0.9522311940641656 0.047686528066763864
30.150000000000176 0.9521563469517706 0.04776129239883555
30.200000000000177 0.9520755551361566 0.04784202299224587
30.250000000000178 0.9519884819567487 0.04792905908869899
30.30000000000018 0.9518947670462137 0.048022763048879036
30.35000000000018 0.9517940255000555 0.04812352115006112
30.40000000000018 0.9516858471218905 0.04823174443066326
30.45000000000018 0.9515697950716583 0.04834786957859698
30.50000000000018 0.9514454046733898 0.048472359860233905
30.550000000000182 0.951312182520437 0.04860570609610985
30.60000000000018 0.9511696051909841 0.048748427686605235
30.65000000000018 0.9510171178834712 0.04890107368147394
30.70000000000018 0.9508541332293845 0.049064223888694386
30.75000000000018 0.9506800299363841 0.04923849002160151
30.800000000000182 0.9504941512335153 0.049424516878332214
30.850000000000183 0.9502958031310134 0.049622983545450486
30.900000000000183 0.9500842526806502 0.04983460461505031
30.950000000000184 0.9498587263442462 0.05006013139615458
31.000000000000185 0.94961840798316 0.05030035310343367
31.050000000000182 0.9493624368847221 0.05055609800785852
31.100000000000183 0.9490899064349664 0.05082823451411064
31.150000000000183 0.9487998624459958 0.05111767212022396
31.200000000000184 0.9484913011752084 0.05142536222773101
31.250000000000185 0.9481631682357408 0.05175229876001516
31.300000000000185 0.9478143574405922 0.052099518517067574
31.350000000000186 0.9474437090507244 0.0524681011929152
31.400000000000187 0.9470500090283709 0.05285916898808175
31.450000000000188 0.9466319888260929 0.05327388572546458
31.50000000000019 0.9461883245820634 0.053713455348233394
31.550000000000185 0.9457176373732413 0.054179119673277064
31.600000000000186 0.9452184950506286 0.05467215527249777
31.650000000000187 0.9446894141263764 0.055193869328736433
31.700000000000188 0.9441288622590126 0.05574559428195781
31.75000000000019 0.9435352623968385 0.05632868107383919
31.80000000000019 0.9429069978954527 0.05694449079511567
31.85000000000019 0.9422424189153581 0.0575943845125236
31.90000000000019 0.9415398511251722 0.05827971102986237
31.95000000000019 0.940797605852979 0.05900179234584792
32.00000000000019 0.9400139910648687 0.05976190657621494
32.05000000000019 0.9391873249559533 0.06056126808602984
32.10000000000019 0.9383159535031035 0.0614010045660372
32.15000000000019 0.9373982707563884 0.062282130812915025
32.200000000000195 0.9364327404366983 0.06320551901616626
32.25000000000019 0.9354179192975278 0.06417186538817264
32.30000000000019 0.934352483590323 0.06518165300791336
32.35000000000019 0.9332352594721771 0.06623511080083157
32.40000000000019 0.9320652568217899 0.06733216864367438
32.450000000000195 0.9308417042037904 0.0684724086596062
32.50000000000019 0.9295640834908298 0.06965501286365489
32.550000000000196 0.9282321660772695 0.07087870743685547
32.60000000000019 0.9268460529790126 0.07214170403790063
32.6500000000002 0.925406216653351 0.07344163868053763
32.700000000000195 0.9239135400859478 0.07477550880350471
32.75000000000019 0.9223693522261787 0.07613960926634633
32.800000000000196 0.9207754616222432 0.07752946814843249
32.85000000000019 0.9191341879064278 0.0789397833791583
32.9000000000002 0.9174483887585092 0.0803643613404272
32.950000000000195 0.9157214804547924 0.08179605868311218
33.0000000000002 0.9139574503117469 0.08322672871374276
33.050000000000196 0.9121608604898772 0.08464717381426906
33.1000000000002 0.9103368437641801 0.08604710548763364
33.1500000000002 0.9084910895321441 0.08741511382737194
33.200000000000195 0.906629818228562 0.08873864844445435
33.2500000000002 0.9047597461243374 0.09000401314488368
33.300000000000196 0.9028880407953858 0.09119637705365108
33.3500000000002 0.9010222639404286 0.09229980544761016
33.4000000000002 0.899170302246986 0.09329731422262119
33.4500000000002 0.8973402903410144 0.0941709526964939
33.5000000000002 0.8955405269081751 0.09490192037056001
33.5500000000002 0.89377938424114 0.09547072426563817
33.6000000000002 0.8920652128206723 0.09585738437008152
33.6500000000002 0.8904062423142037 0.09604169542327892
33.7000000000002 0.8888104815060008 0.09600355350593956
33.7500000000002 0.887285620046071 0.09572335540383443
33.8000000000002 0.885838932946648 0.09518247707426788
33.8500000000002 0.8844771895367542 0.09436383452227934
33.900000000000205 0.8832065699469103 0.09325252584786305
33.9500000000002 0.8820325899840767 0.09183654713839484
34.000000000000206 0.8809600341424689 0.09010756769279235
34.0500000000002 0.8799928982952462 0.08806174273942009
34.1000000000002 0.879134344179064 0.08570053543986955
34.150000000000205 0.8783866663526839 0.08303151520595803
34.2000000000002 0.8777512710561998 0.08006909540209792
34.250000000000206 0.8772286667139779 0.07683516677070164
34.3000000000002 0.8768184665634859 0.0733595665321266
34.35000000000021 0.876519402955297 0.06968028937630812
34.400000000000205 0.8763293520747077 0.06584329433318034
34.45000000000021 0.8762453688019524 0.06190170758299152
34.500000000000206 0.8762637315579435 0.05791420780525268
34.55000000000021 0.8763799960117972 0.05394246415218194
34.60000000000021 0.8765890564841637 0.05004770946430129
34.650000000000205 0.8768852140957616 0.046286831306515654
34.70000000000021 0.8772622506577701 0.042708623089237154
34.750000000000206 0.8777135073600381 0.03935090565396526
34.80000000000021 0.8782319672636414 0.03623903887216223
34.85000000000021 0.878810340491926 0.033385969775389275
34.90000000000021 0.8794411508555411 0.030793580713788064
34.95000000000021 0.8801168227111313 0.02845486084949019
35.00000000000021 0.880829767407882 0.0263563788196359
35.05000000000021 0.8815724683672992 0.024480637575599068
35.10000000000021 0.8823375631332565 0.022808057740841905
35.15000000000021 0.8831179214833461 0.021318491070105028
35.20000000000021 0.8839067190561912 0.019992274901474632
35.25000000000021 0.8846975049044942 0.018810897318651182
35.30000000000021 0.8854842615782502 0.017757362759360993
35.350000000000215 0.8862614574055375 0.016816344355975184
35.40000000000021 0.8870240905039233 0.015974194951699425
35.450000000000216 0.8877677236948255 0.015218871575958585
35.50000000000021 0.8884885095238924 0.014539812379967683
35.55000000000021 0.8891832047496552 0.013927792256211699
35.600000000000215 0.8898491744018208 0.013374773813201693
35.65000000000021 0.8904843856953224 0.012873763630197705
35.700000000000216 0.8910873914250556 0.012418679169018402
35.75000000000021 0.8916573033947732 0.012004228787195353
35.80000000000022 0.8921937579137814 0.011625805485528195
35.850000000000215 0.8926968740664577 0.011279393964024461
35.90000000000022 0.893167204130427 0.010961489997066904
35.950000000000216 0.8936056777335436 0.010669030888057464
36.00000000000021 0.8940135425285753 0.010399335694740705
36.05000000000022 0.8943923018598148 0.01015005395269619
36.100000000000215 0.8947436501156278 0.009919121722002516
36.15000000000022 0.8950694093810659 0.009704723904060786
36.200000000000216 0.8953714699124592 0.009505261899935514
36.25000000000022 0.8956517340672902 0.009319325804845999
36.30000000000022 0.8959120646136778 0.009145670450360053
36.35000000000022 0.8961542400165212 0.008983194707973602
36.40000000000022 0.8963799172724211 0.008830923555851392
36.450000000000216 0.8965906016590931 0.00868799248989276
36.50000000000022 0.8967876246342793 0.008553633929094657
36.55000000000022 0.8969721314298488 0.008427165321089293
36.60000000000022 0.8971450775629385 0.008307978701396272
36.65000000000022 0.8973072328775084 0.008195531502443355
36.70000000000022 0.8974591928706402 0.00808933844404318
36.75000000000022 0.8976013966026538 0.007988964365306307
36.800000000000225 0.8977341494490905 0.007894017881961101
36.85000000000022 0.8978576491505095 0.007804145773652496
36.900000000000226 0.8979720141238698 0.007719028022467602
36.95000000000022 0.8980773133022802 0.007638373436931346
37.00000000000022 0.8981735959174807 0.007561915805939873
37.050000000000225 0.8982609185737948 0.0074894105352279776
37.10000000000022 0.8983393687373907 0.007420631726085031
37.150000000000226 0.8984090847060305 0.007355369660428337
37.20000000000022 0.8984702698155985 0.007293428658788457
37.25000000000023 0.8985231999608153 0.0072346252801042355
37.300000000000225 0.8985682266097218 0.007178786833541484
37.35000000000023 0.89860577512997 0.00712575017225766
37.400000000000226 0.8986363372359386 0.0070753607389952
37.45000000000022 0.8986604596675943 0.00702747183356656
37.50000000000023 0.8986787303702448 0.0069819440713087405
37.550000000000225 0.8986917614629879 0.006938645001763316
37.60000000000023 0.8987001705588927 0.006897448857290708
37.650000000000226 0.898704562478473 0.006858236401297458
37.70000000000023 0.898705511800378 0.006820894846793579
37.75000000000023 0.898703547312661 0.006785317817807642
37.80000000000023 0.8986991396349708 0.006751405328300041
37.85000000000023 0.8986926924277157 0.006719063755632184
37.900000000000226 0.8986845374842665 0.006688205789175026
37.95000000000023 0.8986749337029324 0.006658750338144738
38.00000000000023 0.8986640698996041 0.006630622386893706
38.05000000000023 0.8986520713691822 0.0066037527901512275
38.10000000000023 0.8986390093112173 0.006578078004735571
38.15000000000023 0.8986249124905388 0.006553539758494459
38.20000000000023 0.8986097806628907 0.00653008466138559
38.250000000000234 0.8985935982293356 0.006507663766890487
38.30000000000023 0.8985763470468336 0.0064862320950966135
38.35000000000023 0.89855801819575 0.006465748131083043
38.40000000000023 0.8985386216711174 0.006446173313685197
38.45000000000023 0.8985181931402629 0.006427471530793353
38.500000000000234 0.8984967981581644 0.006409608636945362
38.55000000000023 0.8984745338988781 0.0063925520081701
38.600000000000236 0.8984515277666867 0.006376270147217246
38.65000000000023 0.8984279331018953 0.006360732350260459
38.70000000000024 0.8984039230502212 0.006345908443113666
38.750000000000234 0.8983796827769263 0.006331768591639326
38.80000000000023 0.8983553999408918 0.006318283187512467
38.850000000000236 0.8983312551469317 0.006305422807331301
38.90000000000023 0.8983074137328368 0.006293158239380746
38.95000000000024 0.898284018288962 0.00628146056921182
39.000000000000234 0.8982611827792346 0.006270301312994056
39.05000000000024 0.8982389898309786 0.006259652585636369
39.100000000000236 0.8982174900626708 0.006249487289331838
39.15000000000024 0.8981967028379659 0.006239779307898648
39.20000000000024 0.8981766196120572 0.00623050369278816
39.250000000000234 0.8981572091058855 0.006221636827666667
39.30000000000024 0.8981384231715654 0.0062131565604146444
39.350000000000236 0.8981202037440291 0.006205042293697045
39.40000000000024 0.8981024902724365 0.0061972750281999
39.45000000000024 0.8980852265398882 0.006189837355585905
39.50000000000024 0.898068366597371 0.006182713401705049
39.55000000000024 0.8980518793011921 0.00617588872322385
39.60000000000024 0.8980357512355623 0.006169350164026226
39.65000000000024 0.8980199877200211 0.006163085679762708
39.700000000000244 0.8980046112672021 0.006157084141013344
39.75000000000024 0.8979896587601983 0.006151335126261917
39.80000000000024 0.8979751784899824 0.006145828716471016
39.85000000000024 0.8979612258108195 0.006140555302457101
39.90000000000024 0.8979478576979969 0.006135505415321334
39.950000000000244 0.8979351278126735 0.0061306695885894255
40.00000000000024 0.89792308163161 0.006126038258297722
40.050000000000246 0.8979117522411286 0.006121601704870118
40.10000000000024 0.8979011583597823 0.006117350037870916
40.15000000000025 0.897891302781913 0.006113273221982073
40.200000000000244 0.8978821703778461 0.006109361139779184
40.25000000000024 0.8978737289963312 0.006105603685155679
40.300000000000246 0.8978659339186079 0.0061019908790003645
40.35000000000024 0.8978587325554418 0.006098512997787457
40.40000000000025 0.8978520681639525 0.0060951607050177626
40.450000000000244 0.8978458831970715 0.006091925175792687
40.50000000000025 0.8978401226597167 0.006088798205426419
40.550000000000246 0.8978347384673292 0.006085772294260995
40.60000000000025 0.8978296938516942 0.006082840702913036
40.65000000000025 0.8978249644653236 0.006079997474096083
40.700000000000244 0.8978205364167605 0.006077237419882111
40.75000000000025 0.8978164051671749 0.006074556075454012
40.800000000000246 0.8978125761581118 0.006071949622603012
40.85000000000025 0.897809064280097 0.006069414788267854
40.90000000000025 0.8978058905527192 0.006066948725206829
40.95000000000025 0.897803077559131 0.006064548882791664
41.00000000000025 0.8978006458536417 0.006062212876635684
41.05000000000025 0.8977986114704563 0.006059938365349734
41.10000000000025 0.8977969835587322 0.006057722942236795
41.15000000000025 0.8977957624498879 0.006055564048449604
41.20000000000025 0.8977949387681113 0.006053458912627797
41.25000000000025 0.8977944933505584 0.006051404519976732
41.30000000000025 0.8977943978774279 0.006049397611710815
41.35000000000025 0.8977946161983142 0.0060474347136141755
41.400000000000254 0.8977951066695236 0.00604551219054015
41.45000000000025 0.8977958261048556 0.006043626321928444
41.500000000000256 0.8977967336265077 0.0060417733920961475
41.55000000000025 0.8977977920065887 0.006039949788210845
41.60000000000025 0.8977989683171231 0.006038152098423377
41.650000000000254 0.8978002366144046 0.006036377203059183
41.70000000000025 0.8978015806640518 0.006034622352109083
41.750000000000256 0.8978029941141925 0.006032885223824943
41.80000000000025 0.8978044793648365 0.006031163960482595
41.85000000000026 0.8978060462471911 0.006029457179132105
41.900000000000254 0.8978077093536052 0.006027763957125487
41.95000000000026 0.8978094843088734 0.006026083793963018
42.000000000000256 0.8978113848163646 0.0060244165526414165
42.05000000000026 0.8978134206712419 0.006022762385184651
42.10000000000026 0.8978155962052614 0.006021121647881465
42.150000000000254 0.897817909091791 0.006019494812410417
42.20000000000026 0.8978203490239538 0.006017882379249748
42.250000000000256 0.8978228973786658 0.006016284799240494
42.30000000000026 0.8978255297366355 0.006014702408567896
42.35000000000026 0.8978282190451418 0.006013135380964306
42.40000000000026 0.8978309370119731 0.006011583699924347
42.45000000000026 0.897833655993124 0.006010047151765036
42.50000000000026 0.8978363517081553 0.00600852533908725
42.55000000000026 0.8978390039041595 0.006007017712491755
42.60000000000026 0.897841596192478 0.006005523617025924
42.65000000000026 0.8978441174831943 0.00600404234906045
42.70000000000026 0.8978465634076299 0.0060025732183443085
42.75000000000026 0.8978489361359392 0.006001115609890861
42.80000000000026 0.8978512429430618 0.005999669040524052
42.850000000000264 0.8978534942801035 0.005998233205334236
42.90000000000026 0.8978557022774503 0.005996808010354082
42.950000000000266 0.8978578792325932 0.005995393588817556
43.00000000000026 0.8978600357112475 0.005993990299770688
43.05000000000026 0.8978621797870311 0.005992598709179093
43.100000000000264 0.8978643170718511 0.005991219555088314
43.15000000000026 0.8978664498379448 0.0059898536995726115
43.200000000000266 0.8978685761203584 0.005988502071245081
43.25000000000026 0.8978706898600405 0.005987165602814744
43.30000000000027 0.8978727819248091 0.005985845168463733
43.350000000000264 0.8978748417621457 0.005984541525660436
43.40000000000027 0.8978768583675681 0.005983255265891329
43.450000000000266 0.8978788206840481 0.005981986777808337
43.50000000000026 0.8978807189471615 0.005980736225438144
43.55000000000027 0.8978825451854437 0.005979503542888011
43.600000000000264 0.897884292192576 0.005978288445690919
43.65000000000027 0.8978859544141625 0.005977090457726651
43.700000000000266 0.8978875300555833 0.005975908951471842
43.75000000000027 0.8978890210032742 0.0059747431983601385
43.80000000000027 0.8978904322141754 0.005973592425353873
43.85000000000027 0.8978917719790048 0.005972455873470547
43.90000000000027 0.8978930508734314 0.005971332853876153
43.950000000000266 0.8978942797447326 0.0059702227975429786
44.00000000000027 0.8978954686529622 0.005969125294953094
44.05000000000027 0.8978966263851428 0.005968040123157501
44.10000000000027 0.8978977599362689 0.005966967258661692
44.15000000000027 0.8978988738990873 0.005965906875479963
44.20000000000027 0.8978999696721486 0.005964859329119276
44.25000000000027 0.8979010451376276 0.005963825128052569
44.300000000000274 0.8979020949874382 0.005962804895316608
44.35000000000027 0.8979031110153891 0.005961799323497931
44.40000000000027 0.8979040827728347 0.005960809126729878
44.45000000000027 0.8979049992655964 0.005959834993556281
44.50000000000027 0.897905850537097 0.005958877544244391
44.550000000000274 0.8979066279756619 0.00595793729565294
44.60000000000027 0.8979073245510816 0.00595701463621112
44.650000000000276 0.8979079359300391 0.005956109812556168
44.70000000000027 0.8979084610116451 0.0059552229284633145
44.75000000000028 0.8979089016480473 0.0059543539556859695
44.800000000000274 0.8979092632326859 0.0059535027553898525
44.85000000000028 0.8979095552885475 0.005952669108046178
44.900000000000276 0.8979097901870569 0.005951852748991568
44.95000000000027 0.8979099812419744 0.005951053406503142
45.00000000000028 0.8979101414618812 0.0059502708391052095
45.050000000000274 0.8979102820361315 0.0059495048688797715
45.10000000000028 0.8979104106107583 0.005948755408022411
45.150000000000276 0.897910530638478 0.005948022476479863
45.20000000000028 0.8979106417946651 0.005947306209133847
45.25000000000028 0.8979107404283307 0.005946606852058545
45.30000000000028 0.8979108198512106 0.005945924748115247
45.35000000000028 0.8979108712456411 0.005945260313079413
45.400000000000276 0.8979108851401277 0.005944614004197128
45.45000000000028 0.8979108525450771 0.005943986283689938
45.50000000000028 0.8979107660360801 0.005943377580107523
45.55000000000028 0.8979106212655161 0.005942788250471736
45.60000000000028 0.8979104179623232 0.005942218546198459
45.65000000000028 0.8979101599367636 0.005941668585377955
45.70000000000028 0.8979098545639438 0.0059411383334021795
45.750000000000284 0.8979095119025354 0.005940627593477807
45.80000000000028 0.8979091436493839 0.0059401360074699885
45.85000000000028 0.8979087619497736 0.005939663067004143
45.90000000000028 0.8979083780890453 0.005939208133768221
45.95000000000028 0.8979080018654112 0.0059387704673706295
46.000000000000284 0.8979076412379187 0.005938349258577001
46.05000000000028 0.897907301194271 0.0059379436652868735
46.100000000000286 0.8979069831420186 0.005937552848540174
46.15000000000028 0.8979066854762247 0.005937176005972574
46.20000000000029 0.8979064036761377 0.005936812400192667
46.250000000000284 0.8979061306030536 0.005936461380246951
46.30000000000028 0.897905858379142 0.005936122394828937
46.350000000000286 0.89790557998378 0.00593579499647382
46.40000000000028 0.8979052897772778 0.005935478836975295
46.45000000000029 0.8979049844594542 0.00593517365465647
46.500000000000284 0.8979046637473796 0.005934879254970217
46.55000000000029 0.8979043297418512 0.005934595486292737
46.600000000000286 0.8979039862657772 0.005934322213154949
46.65000000000029 0.8979036385542674 0.0059340592892994275
46.70000000000029 0.8979032925435572 0.005933806532903255
46.750000000000284 0.8979029541006568 0.005933563706036677
46.80000000000029 0.8979026285051627 0.00593333050010511
46.850000000000286 0.8979023199690742 0.005933106528478398
46.90000000000029 0.8979020312698361 0.005932891326786342
46.95000000000029 0.8979017634479856 0.005932684360940093
47.00000000000029 0.8979015157545818 0.0059324850420840085
47.05000000000029 0.8979012861878364 0.0059322927472163604
47.10000000000029 0.8979010720555465 0.00593210684382756
47.15000000000029 0.8979008702505138 0.005931926716541801
47.200000000000294 0.8979006777768929 0.005931751793497553
47.25000000000029 0.8979004921858886 0.0059315815705075214
47.30000000000029 0.8979003113745019 0.0059314156310217156
47.35000000000029 0.8979001334278692 0.0059312536602843975
47.40000000000029 0.8978999568110304 0.005931095452737385
47.450000000000294 0.8978997803061172 0.005930940912080742
47.50000000000029 0.8978996028493215 0.005930790043982046
47.550000000000296 0.8978994238250946 0.005930642942232519
47.60000000000029 0.8978992434189426 0.005930499769362275
47.6500000000003 0.8978990623719775 0.00593036073328111
47.700000000000294 0.897898881484501 0.005930226061867841
47.75000000000029 0.8978987015490515 0.0059300959773842315
47.800000000000296 0.8978985234153877 0.005929970672674305
47.85000000000029 0.8978983478200374 0.005929850290915629
47.9000000000003 0.8978981754886651 0.005929734910388711
47.950000000000294 0.8978980073690729 0.005929624535173355
48.0000000000003 0.8978978444120702 0.005929519092409388
48.050000000000296 0.8978976876579705 0.005929418436045386
48.1000000000003 0.8978975387862268 0.005929322356514725
48.1500000000003 0.897897399653896 0.005929230595438359
48.200000000000294 0.8978972710858532 0.005929142863892344
48.2500000000003 0.8978971526267259 0.0059290588626222645
48.300000000000296 0.897897043065202 0.005928978302564034
48.3500000000003 0.8978969407517514 0.005928900923802339
48.4000000000003 0.8978968436371186 0.005928826511454264
48.4500000000003 0.8978967490153075 0.0059287549072648115
48.5000000000003 0.8978966534773659 0.005928686015868679
48.5500000000003 0.8978965538600575 0.005928619805376558
48.6000000000003 0.8978964483679011 0.005928556302242727
48.6500000000003 0.8978963365826493 0.005928495580917505
48.7000000000003 0.8978962187843352 0.005928437749198015
48.7500000000003 0.8978960958363423 0.005928382930489265
48.8000000000003 0.8978959699386176 0.005928331244495493
48.8500000000003 0.8978958451860977 0.005928282787849518
48.900000000000304 0.8978957268011022 0.005928237616341611
48.9500000000003 0.8978956196922229 0.005928195730155221
49.000000000000306 0.8978955277757694 0.0059281570632188875
49.0500000000003 0.8978954539119969 0.005928121477612557
49.1000000000003 0.8978953996270941 0.0059280887633595776
49.150000000000304 0.8978953648535472 0.005928058643672636
49.2000000000003 0.897895347966677 0.005928030785143412
49.250000000000306 0.8978953458595094 0.005928004812188338
49.3000000000003 0.8978953542378646 0.005927980324450272
49.35000000000031 0.8978953682021208 0.00592795691596927
49.400000000000304 0.8978953826869162 0.0059279341946126855
49.45000000000031 0.8978953930230156 0.005927911800234859
49.500000000000306 0.8978953957432557 0.005927889420346263
49.5500000000003 0.8978953886547505 0.00592786680215897
49.60000000000031 0.8978953704690806 0.005927843760138013
49.650000000000304 0.8978953414312949 0.005927820178675896
49.70000000000031 0.8978953042114536 0.005927796009795717
49.750000000000306 0.8978952635605798 0.0059277712662285965
49.80000000000031 0.897895225389737 0.005927746010543235
49.85000000000031 0.8978951960805266 0.0059277203412200705
49.90000000000031 0.8978951817103112 0.005927694376921236
49.95000000000031 0.8978951872971026 0.005927668240175979
50.00000000000031 0.8978952162988074 0.005927642041803603
50.05000000000031 0.8978952702582081 0.005927615867161289
50.10000000000031 0.8978953487145909 0.0059275897653547314
50.15000000000031 0.897895449242422 0.005927563742069163
50.20000000000031 0.8978955674419609 0.005927537756456398
50.25000000000031 0.8978956973319123 0.005927511722240324
50.30000000000031 0.8978958322930816 0.005927485512695682
50.350000000000314 0.8978959660039112 0.005927458969106668
50.40000000000031 0.8978960929059951 0.005927431911795334
50.450000000000315 0.8978962083253386 0.0059274041528152655
50.50000000000031 0.8978963088285843 0.005927375509220786
50.55000000000031 0.8978963927699508 0.00592734581582736
50.600000000000314 0.8978964603116921 0.005927314936505606
50.65000000000031 0.8978965131378804 0.00592728277311654
50.700000000000315 0.8978965543799804 0.005927249271423677
50.75000000000031 0.8978965881699098 0.005927214423741641
50.80000000000032 0.8978966186247315 0.005927178268134485
50.850000000000314 0.8978966491172224 0.005927140884378527
50.90000000000032 0.8978966821491288 0.0059271023871934145
50.950000000000315 0.897896719410071 0.005927062917324608
51.00000000000031 0.8978967616985997 0.005927022631393663
51.05000000000032 0.89789680882342 0.0059269816913421584
51.100000000000314 0.8978968597901601 0.005926940254328192
51.15000000000032 0.8978969130461962 0.005926898464005391
51.200000000000315 0.8978969665818454 0.005926856443723545
51.25000000000032 0.897897018303831 0.005926814292298432
51.30000000000032 0.897897066593195 0.005926772082419363
51.35000000000032 0.897897110590537 0.005926729861879784
51.40000000000032 0.8978971503069515 0.00592668765729858
51.450000000000315 0.8978971865288787 0.005926645479944672
51.50000000000032 0.8978972205928041 0.005926603333016148
51.55000000000032 0.897897254461421 0.005926561219686647
51.60000000000032 0.8978972906076995 0.005926519151141027
51.65000000000032 0.8978973313669 0.005926477153797135
51.70000000000032 0.8978973786092622 0.005926435275079316
51.75000000000032 0.897897433582384 0.005926393587152048
51.800000000000324 0.8978974962402823 0.005926352188332134
51.85000000000032 0.8978975649504792 0.005926311201928809
51.90000000000032 0.8978976370361278 0.005926270772638163
51.95000000000032 0.8978977092136738 0.00592623106075004
52.00000000000032 0.8978977778408919 0.0059261922346051776
52.050000000000324 0.8978978394076159 0.005926154461982508
52.10000000000032 0.8978978909463642 0.005926117901008463
52.150000000000325 0.897897930186995 0.005926082691415596
52.20000000000032 0.8978979556687305 0.0059260489467973096
52.25000000000033 0.8978979668797811 0.005926016748467357
52.300000000000324 0.8978979644250483 0.0059259861414829255
52.35000000000033 0.897897950029613 0.005925957133033433
52.400000000000325 0.8978979262145123 0.005925929693374801
52.45000000000032 0.8978978959148786 0.005925903759230997
52.50000000000033 0.8978978622070065 0.005925879239275525
52.550000000000324 0.8978978279830093 0.00592585602139227
52.60000000000033 0.8978977956278287 0.0059258339809714865
52.650000000000325 0.8978977668999284 0.005925812989723613
52.70000000000033 0.8978977429464673 0.005925792924180497
52.75000000000033 0.8978977242446251 0.0059257736733917986
52.80000000000033 0.8978977104899806 0.005925755145075463
52.85000000000033 0.8978977006799058 0.005925737269888652
52.900000000000325 0.8978976934389121 0.005925720003529607
52.95000000000033 0.897897687316555 0.005925703326502775
53.00000000000033 0.8978976809804762 0.005925687241746884
53.05000000000033 0.8978976734940031 0.005925671770254234
53.10000000000033 0.8978976645457721 0.00592565694525435
53.15000000000033 0.8978976543026921 0.005925642805355411
53.20000000000033 0.8978976431418326 0.005925629387346142
53.250000000000334 0.8978976316788769 0.005925616719223634
53.30000000000033 0.8978976207862348 0.00592560481408636
53.35000000000033 0.8978976113552228 0.0059255936653719215
53.40000000000033 0.8978976042286722 0.005925583243838756
53.45000000000033 0.8978976002729221 0.005925573496540313
53.500000000000334 0.8978976001232778 0.0059255643478640565
53.55000000000033 0.8978976038835983 0.0059255557025538735
53.600000000000335 0.8978976111563589 0.005925547450402227
53.65000000000033 0.897897621118148 0.005925539472338242
53.70000000000034 0.8978976325678385 0.005925531647246801
53.750000000000334 0.8978976441495685 0.005925523859114044
53.80000000000033 0.8978976546056802 0.005925516003832852
53.850000000000335 0.8978976629204106 0.005925507995165539
53.90000000000033 0.8978976684085987 0.005925499769409964
53.95000000000034 0.8978976707384289 0.00592549128833165
54.000000000000334 0.8978976699494386 0.005925482540267587
54.05000000000034 0.8978976665010486 0.0059254735392695115
54.100000000000335 0.8978976611925368 0.005925464322382153
54.15000000000034 0.897897654977612 0.005925454945342266
54.20000000000034 0.8978976488513082 0.005925445476987885
54.250000000000334 0.8978976437155122 0.00592543599296175
54.30000000000034 0.8978976401343305 0.005925426569074398
54.350000000000335 0.8978976382437568 0.0059254172750092884
54.40000000000034 0.8978976379161638 0.005925408168699601
54.45000000000034 0.8978976388609291 0.005925399291997081
54.50000000000034 0.897897640627714 0.005925390667753305
54.55000000000034 0.8978976427746721 0.005925382298671755
54.60000000000034 0.8978976450026638 0.005925374167906106
54.65000000000034 0.897897647025898 0.005925366241311712
54.70000000000034 0.8978976485312333 0.005925358471156583
54.75000000000034 0.8978976493408681 0.005925350800964073
54.80000000000034 0.8978976494425072 0.005925343171002498
54.85000000000034 0.8978976489574967 0.005925335524058282
54.90000000000034 0.8978976482365896 0.005925327810938338
54.950000000000344 0.8978976478665649 0.005925319995237981
55.00000000000034 0.8978976485025449 0.005925312057066214
55.050000000000345 0.8978976507102292 0.005925303995382961
55.10000000000034 0.8978976548741066 0.005925295828759192
55.15000000000035 0.8978976611282673 0.005925287594603352
55.200000000000344 0.8978976692900137 0.005925279346794132
55.25000000000034 0.897897678861303 0.00592527115206603
55.300000000000345 0.8978976891486634 0.005925263085431096
55.35000000000034 0.8978976993334058 0.005925255224891562
55.40000000000035 0.8978977084513109 0.005925247646018035
55.450000000000344 0.8978977154973627 0.005925240416813388
55.50000000000035 0.8978977195958078 0.005925233593140243
55.550000000000345 0.8978977200786746 0.005925227215241824
55.60000000000035 0.8978977165881874 0.005925221305465592
55.65000000000035 0.8978977091762903 0.0059252158674342765
55.700000000000344 0.8978976982727527 0.00592521088666233
55.75000000000035 0.897897684628218 0.005925206332581094
55.800000000000345 0.8978976692475832 0.005925202161694839
55.85000000000035 0.8978976532392252 0.005925198321724202
55.90000000000035 0.8978976376587104 0.005925194756248842
55.95000000000035 0.897897623358285 0.005925191409554298
56.00000000000035 0.8978976109074089 0.005925188231245687
56.05000000000035 0.8978976006791906 0.005925185180319276
56.10000000000035 0.8978975928233894 0.005925182228246155
56.15000000000035 0.89789758704021 0.005925179361005425
56.20000000000035 0.8978975825785449 0.005925176579779151
56.25000000000035 0.8978975784594345 0.00592517390037923
56.30000000000035 0.8978975736150011 0.005925171351410445
56.35000000000035 0.8978975670459672 0.005925168971390291
56.400000000000354 0.897897557988542 0.0059251668050258055
56.45000000000035 0.8978975459355517 0.005925164899066196
56.500000000000355 0.8978975307825281 0.005925163297909373
56.55000000000035 0.8978975130984509 0.005925162039498247
56.60000000000035 0.8978974940187944 0.005925161151756063
56.650000000000354 0.8978974748308748 0.005925160649826609
56.70000000000035 0.8978974567639735 0.005925160534340333
56.750000000000355 0.8978974410139793 0.0059251607908684875
56.80000000000035 0.8978974287367788 0.005925161390581578
56.85000000000036 0.8978974208994018 0.005925162291976289
56.900000000000354 0.8978974180454785 0.005925163443623595
56.95000000000036 0.8978974201706343 0.005925164787599059
57.000000000000355 0.897897426808922 0.005925166263390279
57.05000000000035 0.8978974371822512 0.005925167811926549
57.10000000000036 0.8978974502634647 0.005925169379370362
57.150000000000354 0.897897464786648 0.005925170920468481
57.20000000000036 0.8978974793454162 0.0059251724011409705
57.250000000000355 0.8978974926161788 0.005925173800081236
57.30000000000036 0.8978975035485057 0.005925175109350065
57.35000000000036 0.8978975114387545 0.005925176333910081
57.40000000000036 0.8978975159898461 0.005925177490063153
57.45000000000036 0.8978975173632295 0.005925178603092348
57.50000000000036 0.8978975161113646 0.005925179704208916
57.55000000000036 0.8978975130305334 0.0059251808271315945
57.60000000000036 0.8978975090933531 0.005925182004507849
57.65000000000036 0.8978975054678713 0.005925183264520981
57.70000000000036 0.8978975034132812 0.005925184627980884
57.75000000000036 0.8978975039861679 0.0059251861060659605
57.80000000000036 0.8978975078041196 0.005925187698889988
57.850000000000364 0.897897515001921 0.005925189395065183
57.90000000000036 0.8978975252449302 0.00592519117218007
57.950000000000365 0.897897537761328 0.005925192998263318
58.00000000000036 0.8978975514347568 0.00592519483391734
58.05000000000036 0.8978975649194282 0.005925196635158098
58.100000000000364 0.8978975767973295 0.00592519835650364
58.15000000000036 0.8978975857794536 0.00592519995426144
58.200000000000365 0.897897590853104 0.00592520138955585
58.25000000000036 0.8978975913848591 0.005925202631010058
58.30000000000037 0.8978975872299464 0.005925203656789968
58.350000000000364 0.8978975787432613 0.005925204455864275
58.40000000000037 0.8978975666416035 0.005925205028435688
58.450000000000365 0.8978975518892964 0.005925205385490641
58.50000000000036 0.8978975357075664 0.005925205547484888
58.55000000000037 0.8978975195260873 0.005925205542423474
58.600000000000364 0.8978975047539371 0.005925205403279554
58.65000000000037 0.8978974925654943 0.005925205165216664
58.700000000000365 0.8978974838047441 0.005925204862643408
58.75000000000037 0.897897478864398 0.005925204526455882
58.80000000000037 0.8978974775959577 0.005925204181645984
58.85000000000037 0.8978974794016586 0.005925203845454756
58.90000000000037 0.897897483381909 0.005925203526211866
58.950000000000365 0.8978974884367664 0.005925203222969541
59.00000000000037 0.8978974933884634 0.0059252029259078565
59.05000000000037 0.8978974971042146 0.005925202617469609
59.10000000000037 0.8978974986308972 0.005925202274123604
59.15000000000037 0.8978974973736322 0.005925201868628421
59.20000000000037 0.8978974931806976 0.005925201372517692
59.25000000000037 0.8978974863051601 0.0059252007587294675
59.300000000000374 0.8978974773750329 0.0059252000040523585
59.35000000000037 0.8978974673322228 0.005925199091225651
59.40000000000037 0.8978974572784816 0.005925198010576546
59.45000000000037 0.8978974483378332 0.0059251967609678475
59.50000000000037 0.8978974415674627 0.005925195350130041
59.550000000000374 0.8978974378554636 0.005925193794199569
59.60000000000037 0.8978974377950529 0.00592519211667567
59.650000000000375 0.8978974415677079 0.005925190346731721
59.70000000000037 0.8978974489221867 0.005925188517189716
59.75000000000038 0.8978974592734411 0.0059251866621591745
59.800000000000374 0.8978974717951846 0.00592518481468929
59.85000000000037 0.8978974854898367 0.005925183004462582
59.900000000000375 0.8978974993354252 0.005925181255911194
59.95000000000037 0.8978975124122658 0.005925179586682696
60.00000000000038 0.897897523910434 0.005925178006742007
60.050000000000374 0.8978975331693074 0.005925176518066005
60.050000000000374 0.8978975331693074 0.005925176518066005
