Time(fs) Position(Å)
0.0 5.0
0.05000000000000001 4.996210507628719
0.10000000000000002 4.992421005463513
0.15000000000000002 4.988631493419642
0.20000000000000004 4.984841971390123
0.25 4.981052439256891
0.3 4.977262896900824
0.35 4.973473344198028
0.39999999999999997 4.969683781023074
0.44999999999999996 4.9658942072515595
0.49999999999999994 4.962104622757594
0.5499999999999999 4.958315027416012
0.6 4.954525421102773
0.6499999999999999 4.950735803692955
0.7 4.946946175062262
0.7499999999999999 4.943156535086322
0.7999999999999999 4.939366883639136
0.85 4.935577220594189
0.8999999999999999 4.931787545823298
0.95 4.92799785919571
0.9999999999999999 4.924208160579074
1.0499999999999998 4.920418449838328
1.0999999999999999 4.916628726835515
1.15 4.912838991430745
1.2 4.909049243481301
1.2499999999999998 4.905259482842062
1.2999999999999998 4.9014697093663395
1.3499999999999999 4.897679922905164
1.4 4.893890123308017
1.4499999999999997 4.890100310423339
1.4999999999999998 4.8863104840978515
1.55 4.882520644177303
1.5999999999999999 4.878730790506511
1.65 4.8749409229286575
1.7 4.871151041285901
1.75 4.867361145418987
1.7999999999999998 4.86357123516661
1.8499999999999999 4.859781310365919
1.9 4.855991370851881
1.95 4.852201416456904
1.9999999999999998 4.848411447011305
2.05 4.8446214623426895
2.0999999999999996 4.840831462275906
2.15 4.837041446633572
2.1999999999999997 4.833251415235526
2.25 4.829461367899145
2.3 4.8256713044398
2.3499999999999996 4.821881224670396
2.4 4.818091128401868
2.4499999999999997 4.8143010154434265
2.4999999999999996 4.810510885602107
2.55 4.806720738683257
2.5999999999999996 4.802930574490482
2.6499999999999995 4.799140392825154
2.6999999999999997 4.7953501934868275
2.7499999999999996 4.791559976272882
2.8 4.7877697409780975
2.8499999999999996 4.783979487394991
2.8999999999999995 4.78018921531332
2.9499999999999997 4.776398924519844
2.9999999999999996 4.772608614798662
3.0499999999999994 4.768818285930722
3.1 4.765027937693858
3.1500000000000004 4.761237569863146
3.2000000000000006 4.757447182210502
3.250000000000001 4.753656774504947
3.300000000000001 4.749866346512927
3.3500000000000014 4.746075897997945
3.4000000000000017 4.742285428720957
3.4500000000000024 4.738494938440511
3.5000000000000027 4.734704426912358
3.550000000000003 4.730913893889848
3.600000000000003 4.7271233391237955
3.6500000000000035 4.723332762362087
3.7000000000000037 4.719542163349997
3.750000000000004 4.715751541829825
3.8000000000000047 4.711960897540569
3.850000000000005 4.708170230218193
3.9000000000000052 4.7043795395951635
3.9500000000000055 4.700588825400297
4.000000000000006 4.696798087359036
4.050000000000006 4.693007325193008
4.100000000000007 4.689216538620112
4.150000000000007 4.685425727354802
4.200000000000007 4.6816348911077155
4.250000000000007 4.677844029585963
4.300000000000008 4.674053142493335
4.3500000000000085 4.670262229529977
4.400000000000008 4.666471290392748
4.450000000000009 4.662680324775257
4.500000000000009 4.658889332367532
4.55000000000001 4.655098312856329
4.600000000000009 4.651307265924959
4.65000000000001 4.647516191252926
4.700000000000011 4.64372508851619
4.750000000000011 4.639933957386789
4.800000000000011 4.636142797532568
4.850000000000011 4.632351608617392
4.900000000000012 4.628560390300711
4.950000000000012 4.624769142237451
5.000000000000012 4.62097786407825
5.050000000000013 4.617186555469049
5.100000000000013 4.613395216051207
5.150000000000014 4.60960384546173
5.2000000000000135 4.605812443332932
5.250000000000014 4.602021009292709
5.300000000000015 4.598229542964689
5.350000000000015 4.594438043967914
5.4000000000000155 4.590646511917171
5.450000000000015 4.586854946422958
5.500000000000016 4.583063347091154
5.550000000000016 4.5792717135232985
5.6000000000000165 4.57548004531635
5.650000000000017 4.571688342062358
5.700000000000017 4.567896603348674
5.750000000000018 4.564104828757556
5.800000000000018 4.560313017865925
5.850000000000018 4.556521170245553
5.900000000000018 4.552729285462626
5.950000000000019 4.548937363077674
6.0000000000000195 4.545145402645774
6.050000000000019 4.5413534037161565
6.10000000000002 4.537561365832339
6.15000000000002 4.533769288532317
6.200000000000021 4.529977171348227
6.25000000000002 4.5261850138066215
6.300000000000021 4.522392815428558
6.350000000000022 4.5186005757292795
6.400000000000022 4.514808294218516
6.450000000000022 4.511015970400382
6.500000000000022 4.507223603773049
6.550000000000023 4.503431193828989
6.600000000000023 4.4996387400546665
6.6500000000000234 4.495846241930227
6.700000000000024 4.492053698929676
6.750000000000024 4.488261110520447
6.800000000000025 4.484468476163184
6.8500000000000245 4.480675795311907
6.900000000000025 4.476883067413555
6.950000000000025 4.473090291907957
7.000000000000026 4.469297468228007
7.0500000000000265 4.465504595799261
7.100000000000026 4.461711674040105
7.150000000000027 4.457918702361876
7.200000000000027 4.454125680168526
7.2500000000000275 4.450332606856918
7.300000000000027 4.446539481816888
7.350000000000028 4.442746304430875
7.400000000000029 4.438953074074057
7.450000000000029 4.435159790114161
7.500000000000029 4.431366451911435
7.550000000000029 4.427573058819172
7.60000000000003 4.423779610182943
7.65000000000003 4.419986105339186
7.70000000000003 4.416192543615302
7.750000000000031 4.412398924331412
7.800000000000031 4.408605246802113
7.850000000000032 4.404811510333876
7.900000000000031 4.401017714218785
7.950000000000032 4.397223857734893
8.000000000000032 4.393429940156643
8.050000000000033 4.389635960761548
8.100000000000033 4.385841918819226
8.150000000000034 4.38204781357279
8.200000000000033 4.378253644241678
8.250000000000034 4.374459410049743
8.300000000000034 4.370665110239166
8.350000000000035 4.366870744044823
8.400000000000036 4.363076310663417
8.450000000000035 4.3592818092622325
8.500000000000036 4.355487239013467
8.550000000000036 4.351692599103534
8.600000000000037 4.347897888711079
8.650000000000036 4.344103106994559
8.700000000000037 4.340308253099024
8.750000000000037 4.336513326153807
8.800000000000038 4.332718325264414
8.850000000000039 4.328923249526318
8.900000000000038 4.325128098046175
8.950000000000038 4.321332869933525
9.000000000000039 4.317537564275165
9.05000000000004 4.313742180132119
9.10000000000004 4.309946716552017
9.15000000000004 4.306151172566698
9.20000000000004 4.3023555471904995
9.25000000000004 4.298559839438886
9.300000000000042 4.29476404833592
9.35000000000004 4.290968172893173
9.400000000000041 4.287172212096792
9.450000000000042 4.2833761649159765
9.500000000000043 4.279580030302756
9.550000000000043 4.275783807184936
9.600000000000042 4.271987494479927
9.650000000000043 4.268191091111618
9.700000000000044 4.264394595999943
9.750000000000044 4.260598008046847
9.800000000000045 4.256801326140957
9.850000000000044 4.253004549153654
9.900000000000045 4.249207675924034
9.950000000000045 4.245410705267494
10.000000000000046 4.241613635994921
10.050000000000045 4.237816466909586
10.100000000000046 4.234019196802936
10.150000000000047 4.230221824464728
10.200000000000047 4.226424348677014
10.250000000000048 4.222626768194335
10.300000000000047 4.218829081744742
10.350000000000048 4.2150312880389444
10.400000000000048 4.211233385763835
10.450000000000049 4.2074353735851675
10.50000000000005 4.203637250166197
10.550000000000049 4.19983901416714
10.60000000000005 4.196040664232425
10.65000000000005 4.192242198994934
10.70000000000005 4.188443617074407
10.75000000000005 4.184644917058933
10.80000000000005 4.180846097505421
10.850000000000051 4.177047156952658
10.900000000000052 4.173248093916828
10.950000000000053 4.16944890689277
11.000000000000052 4.165649594371131
11.050000000000052 4.161850154836678
11.100000000000053 4.158050586755734
11.150000000000054 4.154250888580423
11.200000000000054 4.150451058746355
11.250000000000053 4.1466510956558595
11.300000000000054 4.142850997679922
11.350000000000055 4.1390507631690685
11.400000000000055 4.135250390447819
11.450000000000054 4.131449877817656
11.500000000000055 4.127649223573386
11.550000000000056 4.123848425999462
11.600000000000056 4.120047483360545
11.650000000000057 4.116246393908493
11.700000000000056 4.112445155876322
11.750000000000057 4.108643767461353
11.800000000000058 4.104842226830285
11.850000000000058 4.101040532123908
11.900000000000059 4.097238681447591
11.950000000000058 4.09343667288024
12.000000000000059 4.0896345044884885
12.05000000000006 4.085832174319687
12.10000000000006 4.0820296804026075
12.150000000000059 4.078227020756899
12.20000000000006 4.07442419338098
12.25000000000006 4.0706211962415475
12.300000000000061 4.06681802727995
12.350000000000062 4.063014684404978
12.40000000000006 4.05921116548383
12.45000000000006 4.05540746835445
12.50000000000006 4.05160359083003
12.550000000000061 4.047799530693207
12.600000000000062 4.043995285707709
12.650000000000063 4.040190853624566
12.700000000000061 4.0363862321699155
12.750000000000062 4.0325814190462035
12.800000000000063 4.028776411934908
12.850000000000064 4.024971208480355
12.900000000000064 4.021165806286626
12.950000000000063 4.017360202925651
13.000000000000064 4.013554395928257
13.050000000000065 4.009748382784844
13.100000000000065 4.005942160961251
13.150000000000064 4.002135727895842
13.200000000000065 3.9983290809976855
13.250000000000066 3.994522217659757
13.300000000000066 3.9907151352527217
13.350000000000067 3.9869078311137627
13.400000000000066 3.9831003025530816
13.450000000000067 3.9792925468463642
13.500000000000068 3.9754845612211063
13.550000000000068 3.971676342864664
13.600000000000069 3.96786788892469
13.650000000000068 3.9640591965008873
13.700000000000069 3.9602502626575724
13.75000000000007 3.956441084430772
13.80000000000007 3.9526316588206507
13.850000000000069 3.948821982800069
13.90000000000007 3.945012053319237
13.95000000000007 3.941201867291957
14.000000000000071 3.9373914215959407
14.050000000000072 3.9335807130748477
14.10000000000007 3.929769738523018
14.150000000000071 3.925958494684727
14.200000000000072 3.9221469782616927
14.250000000000073 3.9183351859041484
14.300000000000074 3.914523114213978
14.350000000000072 3.9107107597584347
14.400000000000073 3.906898119064876
14.450000000000074 3.9030851886217772
14.500000000000075 3.8992719648904366
14.550000000000074 3.8954584442957207
14.600000000000074 3.8916446232192796
14.650000000000075 3.887830498006321
14.700000000000076 3.884016064953638
14.750000000000076 3.880201320299963
14.800000000000075 3.8763862602346237
14.850000000000076 3.8725708808907098
14.900000000000077 3.868755178339647
14.950000000000077 3.864939148605869
15.000000000000078 3.8611227876660745
15.050000000000077 3.8573060914455293
15.100000000000078 3.8534890558326675
15.150000000000079 3.8496716766768757
15.20000000000008 3.845853949779558
15.250000000000078 3.8420358709031155
15.300000000000079 3.838217435763973
15.35000000000008 3.8343986400176733
15.40000000000008 3.830579479264838
15.450000000000081 3.8267599490471675
15.50000000000008 3.822940044837089
15.55000000000008 3.819119762046916
15.600000000000081 3.8152990960266124
15.650000000000082 3.811478042056351
15.700000000000083 3.807656595365794
15.750000000000082 3.803834751143228
15.800000000000082 3.800012504522052
15.850000000000083 3.7961898505776297
15.900000000000084 3.792366784326082
15.950000000000083 3.788543300729895
16.000000000000085 3.7847193947177535
16.050000000000086 3.78089506116422
16.100000000000083 3.777070294839472
16.150000000000084 3.7732450904141874
16.200000000000085 3.769419442508706
16.250000000000085 3.765593345714477
16.300000000000086 3.7617667945633926
16.350000000000087 3.757939783468718
16.400000000000087 3.7541123067234037
16.450000000000088 3.750284358588602
16.50000000000009 3.7464559333401843
16.550000000000086 3.742627025200167
16.600000000000087 3.7387976282704964
16.650000000000087 3.7349677365483585
16.700000000000088 3.731137343974994
16.75000000000009 3.7273064444552646
16.80000000000009 3.7234750318259344
16.85000000000009 3.719643099826365
16.90000000000009 3.71581064211204
16.95000000000009 3.7119776522444017
17.000000000000092 3.7081441236589154
17.05000000000009 3.7043100497059664
17.10000000000009 3.700475423713738
17.15000000000009 3.6966402389668818
17.20000000000009 3.6928044886506566
17.250000000000092 3.6889681658387756
17.300000000000093 3.6851312635186058
17.350000000000094 3.6812937746133567
17.400000000000095 3.6774556919716495
17.450000000000095 3.6736170083630184
17.500000000000092 3.6697777164996372
17.550000000000093 3.6659378090032924
17.600000000000094 3.662097278339748
17.650000000000095 3.6582561168416867
17.700000000000095 3.6544143167677228
17.750000000000096 3.6505718702970977
17.800000000000097 3.646728769518142
17.850000000000097 3.642885006445466
17.900000000000098 3.639040573012302
17.950000000000095 3.6351954610365866
18.000000000000096 3.631349662205755
18.050000000000097 3.6275031681093073
18.100000000000097 3.623655970279087
18.150000000000098 3.619808060168659
18.2000000000001 3.615959429124013
18.2500000000001 3.612110068400735
18.3000000000001 3.6082599691406387
18.3500000000001 3.6044091223152037
18.4000000000001 3.6005575187519865
18.4500000000001 3.5967051491879998
18.5000000000001 3.5928520042594347
18.5500000000001 3.588998074494916
18.6000000000001 3.585143350337038
18.6500000000001 3.5812878221293203
18.700000000000102 3.5774314800778
18.750000000000103 3.573574314241932
18.800000000000104 3.569716314564637
18.850000000000104 3.5658574708926043
18.9000000000001 3.5619977729592884
18.950000000000102 3.5581372103890705
19.000000000000103 3.5542757727169065
19.050000000000104 3.5504134493411463
19.100000000000104 3.546550229475941
19.150000000000105 3.542686102183897
19.200000000000106 3.538821056389092
19.250000000000107 3.5349550808533636
19.300000000000107 3.5310881642149647
19.350000000000104 3.5272202950281137
19.400000000000105 3.5233514617289647
19.450000000000106 3.519481652610564
19.500000000000107 3.515610855832309
19.550000000000107 3.5117390594053375
19.600000000000108 3.507866251169984
19.65000000000011 3.503992418809382
19.70000000000011 3.5001175498819945
19.75000000000011 3.496241631821672
19.80000000000011 3.4923646519115263
19.850000000000108 3.488486597288709
19.90000000000011 3.484607454943407
19.95000000000011 3.4807272116666965
20.00000000000011 3.476845854043401
20.05000000000011 3.472963368499882
20.10000000000011 3.469079741296007
20.150000000000112 3.465194958519222
20.200000000000113 3.4613090061403433
20.250000000000114 3.4574218700112014
20.30000000000011 3.4535335358134294
20.35000000000011 3.449643989064641
20.400000000000112 3.4457532151165142
20.450000000000113 3.441861199110062
20.500000000000114 3.4379679259770266
20.550000000000114 3.434073380472257
20.600000000000115 3.43017754717374
20.650000000000116 3.4262804104753983
20.700000000000117 3.4223819545992553
20.750000000000114 3.418482163597894
20.800000000000114 3.4145810213214536
20.850000000000115 3.4106785113940417
20.900000000000116 3.4067746172345856
20.950000000000117 3.4028693220556527
21.000000000000117 3.3989626088449034
21.050000000000118 3.3950544604093817
21.10000000000012 3.391144859403744
21.15000000000012 3.387233788289881
21.20000000000012 3.383321229342503
21.250000000000117 3.3794071646637094
21.300000000000118 3.3754915761190527
21.35000000000012 3.3715744453137755
21.40000000000012 3.3676557536241614
21.45000000000012 3.3637354821724115
21.50000000000012 3.3598136118173745
21.55000000000012 3.355890123205693
21.600000000000122 3.351964996777206
21.650000000000123 3.3480382127433517
21.70000000000012 3.3441097511026507
21.75000000000012 3.3401795916381616
21.80000000000012 3.3362477138820474
21.850000000000122 3.332314097103354
21.900000000000123 3.328378720320572
21.950000000000124 3.3244415622993766
22.000000000000124 3.3205026015429326
22.050000000000125 3.316561816315594
22.100000000000126 3.3126191846615454
22.150000000000126 3.3086746843727304
22.200000000000124 3.3047282929787203
22.250000000000124 3.3007799877594115
22.300000000000125 3.2968297456972735
22.350000000000126 3.29287754344911
22.400000000000126 3.2889233573825862
22.450000000000127 3.2849671635621065
22.500000000000128 3.2810089377331453
22.55000000000013 3.277048655381389
22.60000000000013 3.273086291740824
22.650000000000126 3.2691218217604123
22.700000000000127 3.265155220133982
22.750000000000128 3.2611864612948724
22.80000000000013 3.2572155193554884
22.85000000000013 3.2532423681082028
22.90000000000013 3.2492669810302117
22.95000000000013 3.245289331243347
23.00000000000013 3.2413093915210847
23.050000000000132 3.2373271343197447
23.10000000000013 3.2333425317670055
23.15000000000013 3.2293555556602334
23.20000000000013 3.225366177488097
23.25000000000013 3.2213743684191365
23.300000000000132 3.2173800992699677
23.350000000000133 3.213383340500454
23.400000000000134 3.2093840622160377
23.450000000000134 3.205382234146269
23.500000000000135 3.2013778256421195
23.550000000000136 3.1973708056997547
23.600000000000133 3.1933611429495183
23.650000000000134 3.189348805653419
23.700000000000134 3.185333761751638
23.750000000000135 3.1813159788460514
23.800000000000136 3.177295424130217
23.850000000000136 3.173272064388354
23.900000000000137 3.169245866004653
23.950000000000138 3.1652167949435306
24.00000000000014 3.1611848167596897
24.050000000000136 3.157149896555606
24.100000000000136 3.1531119989151235
24.150000000000137 3.149071087994999
24.200000000000138 3.14502712764505
24.25000000000014 3.140980081352181
24.30000000000014 3.1369299121331293
24.35000000000014 3.1328765825070666
24.40000000000014 3.1288200545484353
24.45000000000014 3.1247602899911997
24.50000000000014 3.1206972502041697
24.55000000000014 3.1166308959888323
24.60000000000014 3.112561187501609
24.65000000000014 3.108488084407134
24.70000000000014 3.1044115459938446
24.750000000000142 3.10033153111948
24.800000000000143 3.096247998111644
24.850000000000144 3.092160904740418
24.900000000000144 3.088070208263517
24.950000000000145 3.083975865459387
25.000000000000142 3.079877832602814
25.050000000000143 3.075776065445164
25.100000000000144 3.0716705192286167
25.150000000000144 3.067561148648841
25.200000000000145 3.063447907756161
25.250000000000146 3.05933074996632
25.300000000000146 3.055209628211531
25.350000000000147 3.051084494983596
25.400000000000148 3.0469553022124973
25.450000000000145 3.042822001205784
25.500000000000146 3.0386845426715485
25.550000000000146 3.0345428767071945
25.600000000000147 3.0303969527878185
25.650000000000148 3.0262467197703367
25.70000000000015 3.0220921258945217
25.75000000000015 3.0179331187832843
25.80000000000015 3.0137696453615406
25.85000000000015 3.0096016517754314
25.900000000000148 3.005429083498984
25.95000000000015 3.0012518854441224
26.00000000000015 2.997070001892851
26.05000000000015 2.992883376466621
26.10000000000015 2.988691952166837
26.15000000000015 2.9844956712992623
26.200000000000152 2.9802944753827925
26.250000000000153 2.9760883051718463
26.300000000000153 2.9718771007044706
26.350000000000154 2.96766080131369
26.40000000000015 2.9634393455804737
26.450000000000152 2.95921267126598
26.500000000000153 2.954980715321139
26.550000000000153 2.9507434138996467
26.600000000000154 2.946500702307145
26.650000000000155 2.942252515033961
26.700000000000156 2.9379987858528427
26.750000000000156 2.9337394477799768
26.800000000000157 2.9294744329605993
26.850000000000154 2.925203672653231
26.900000000000155 2.920927097239747
26.950000000000156 2.9166446361668363
27.000000000000156 2.912356217930845
27.050000000000157 2.90806177015725
27.100000000000158 2.9037612196256304
27.15000000000016 2.899454492195804
27.20000000000016 2.895141512764409
27.25000000000016 2.8908222052664287
27.30000000000016 2.8864964926471686
27.350000000000158 2.882164296830109
27.40000000000016 2.877825538724617
27.45000000000016 2.8734801382571025
27.50000000000016 2.86912801435987
27.55000000000016 2.8647690848815093
27.60000000000016 2.8604032665353145
27.650000000000162 2.856030474928408
27.700000000000163 2.851650624521256
27.750000000000163 2.84726362858071
27.80000000000016 2.8428693992757474
27.85000000000016 2.8384678477220477
27.900000000000162 2.834058883887692
27.950000000000163 2.8296424165741922
28.000000000000163 2.825218353425807
28.050000000000164 2.8207866008293676
28.100000000000165 2.8163470638531773
28.150000000000166 2.8118996462734467
28.200000000000166 2.8074442505709825
28.250000000000163 2.802980777907267
28.300000000000164 2.798509128102185
28.350000000000165 2.7940291996083935
28.400000000000166 2.7895408894934572
28.450000000000166 2.7850440933822855
28.500000000000167 2.7805387054098705
28.550000000000168 2.7760246182673645
28.60000000000017 2.771501723212663
28.65000000000017 2.766969910008897
28.70000000000017 2.762429066937918
28.750000000000167 2.7578790808067324
28.800000000000168 2.7533198368336302
28.85000000000017 2.7487512185746628
28.90000000000017 2.744173107933799
28.95000000000017 2.73958538511476
29.00000000000017 2.7349879285642325
29.05000000000017 2.7303806150013594
29.100000000000172 2.725763319432985
29.150000000000173 2.7211359150951853
29.20000000000017 2.7164982734082574
29.25000000000017 2.7118502639602458
29.30000000000017 2.7071917544500157
29.350000000000172 2.702522610614344
29.400000000000173 2.6978426962070636
29.450000000000173 2.6931518729953456
29.500000000000174 2.688450000720736
29.550000000000175 2.6837369370580695
29.600000000000176 2.6790125375953737
29.650000000000173 2.674276655794036
29.700000000000173 2.669529142914612
29.750000000000174 2.664769847958882
29.800000000000175 2.6599986176515036
29.850000000000176 2.655215296405048
29.900000000000176 2.650419726262774
29.950000000000177 2.645611746887761
30.000000000000178 2.64079119555238
30.05000000000018 2.635957907054354
30.10000000000018 2.6311117136481172
30.150000000000176 2.6262524450174913
30.200000000000177 2.6213799281882575
30.250000000000178 2.6164939874373383
30.30000000000018 2.611594444277408
30.35000000000018 2.6066811174179807
30.40000000000018 2.6017538226925967
30.45000000000018 2.5968123730365615
30.50000000000018 2.5918565784572505
30.550000000000182 2.58688624595474
30.60000000000018 2.581901179458873
30.65000000000018 2.5769011797765016
30.70000000000018 2.5718860445157925
30.75000000000018 2.5668555680152942
30.800000000000182 2.5618095412846507
30.850000000000183 2.5567477519454034
30.900000000000183 2.5516699841684694
30.950000000000184 2.546576018601432
31.000000000000185 2.5414656323001767
31.050000000000182 2.536338598663216
31.100000000000183 2.5311946873465097
31.150000000000183 2.526033664184124
31.200000000000184 2.5208552911278646
31.250000000000185 2.5156593261723557
31.300000000000185 2.510445523276532
31.350000000000186 2.5052136323015652
31.400000000000187 2.499963398937113
31.450000000000188 2.4946945646155805
31.50000000000019 2.4894068664353393
31.550000000000185 2.484100037079168
31.600000000000186 2.478773804724788
31.650000000000187 2.4734278929622504
31.700000000000188 2.4680620207132105
31.75000000000019 2.462675902148215
31.80000000000019 2.457269246605068
31.85000000000019 2.4518417585044645
31.90000000000019 2.446393137266394
31.95000000000019 2.440923077228188
32.00000000000019 2.435431267552138
32.05000000000019 2.4299173921288277
32.10000000000019 2.4243811294986317
32.15000000000019 2.418822152786597
32.200000000000195 2.4132401296231927
32.25000000000019 2.4076347220458554
32.30000000000019 2.4020055864029426
32.35000000000019 2.3963523732791194
32.40000000000019 2.3906747274420943
32.450000000000195 2.384972287781447
32.50000000000019 2.3792446872049076
32.550000000000196 2.3734915525189724
32.60000000000019 2.3677125043680154
32.6500000000002 2.3619071572333414
32.700000000000195 2.3560751194023535
32.75000000000019 2.3502159928705817
32.800000000000196 2.3443293732477017
32.85000000000019 2.338414849717479
32.9000000000002 2.3324720050201715
32.950000000000195 2.326500415429365
33.0000000000002 2.32049965071697
33.050000000000196 2.3144692741073243
33.1000000000002 2.308408842262025
33.1500000000002 2.3023179053039673
33.200000000000195 2.2961960068239207
33.2500000000002 2.290042683896996
33.300000000000196 2.2838574671659684
33.3500000000002 2.277639880908819
33.4000000000002 2.271389443041897
33.4500000000002 2.265105665160139
33.5000000000002 2.258788052646761
33.5500000000002 2.252436104796507
33.6000000000002 2.246049314948874
33.6500000000002 2.2396271706309854
33.7000000000002 2.2331691537117924
33.7500000000002 2.2266747406042877
33.8000000000002 2.2201434024985556
33.8500000000002 2.2135746056005488
33.900000000000205 2.2069678114184335
33.9500000000002 2.200322477092684
34.000000000000206 2.1936380557183863
34.0500000000002 2.1869139966791264
34.1000000000002 2.180149746043755
34.150000000000205 2.17334474702606
34.2000000000002 2.1664984404731076
34.250000000000206 2.159610265374167
34.3000000000002 2.1526796594214304
34.35000000000021 2.145706059617912
34.400000000000205 2.1386889029014013
34.45000000000021 2.1316276268191046
34.500000000000206 2.124521670285111
34.55000000000021 2.1173704743857025
34.60000000000021 2.1101734832203736
34.650000000000205 2.102930144790236
34.70000000000021 2.0956399119354203
34.750000000000206 2.088302243344607
34.80000000000021 2.0809166046261636
34.85000000000021 2.0734824694120246
34.90000000000021 2.0659993205357163
34.95000000000021 2.058466651283758
35.00000000000021 2.0508839666499883
35.05000000000021 2.0432507846285306
35.10000000000021 2.0355666376104695
35.15000000000021 2.027831073834312
35.20000000000021 2.0200436588673107
35.25000000000021 2.01220397716436
35.30000000000021 2.004311633687161
35.350000000000215 1.9963662555434738
35.40000000000021 1.9883674936595521
35.450000000000216 1.980315024500668
35.50000000000021 1.9722085518384118
35.55000000000021 1.9640478085571955
35.600000000000215 1.9558325584817429
35.65000000000021 1.947562598227621
35.700000000000216 1.9392377590856156
35.75000000000021 1.9308579089157618
35.80000000000022 1.9224229540390887
35.850000000000215 1.9139328411622556
35.90000000000022 1.905387559336351
35.950000000000216 1.8967871419024085
36.00000000000021 1.8881316684246865
36.05000000000022 1.8794212666434142
36.100000000000215 1.8706561144196396
36.15000000000022 1.8618364416467648
36.200000000000216 1.8529625321706795
36.25000000000022 1.8440347257363936
36.30000000000022 1.8350534199233257
36.35000000000022 1.8260190720670681
36.40000000000022 1.8169322011976183
36.450000000000216 1.8077933899842744
36.50000000000022 1.7986032866675794
36.55000000000022 1.789362607003103
36.60000000000022 1.7800721362446974
36.65000000000022 1.7707327311587353
36.70000000000022 1.7613453220665947
36.75000000000022 1.7519109149360923
36.800000000000225 1.7424305935318114
36.85000000000022 1.7329055216252305
36.900000000000226 1.7233369452729859
36.95000000000022 1.7137261951816454
37.00000000000022 1.704074689187173
37.050000000000225 1.6943839348510794
37.10000000000022 1.684655532160718
37.150000000000226 1.6748911763710586
37.20000000000022 1.6650926610107333
37.25000000000023 1.655261881016778
37.300000000000225 1.6454008360265877
37.35000000000023 1.6355116338852307
37.400000000000226 1.6255964943330947
37.45000000000022 1.615657752865997
37.50000000000023 1.605697864827478
37.550000000000225 1.5957194097128047
37.60000000000023 1.5857250956500306
37.650000000000226 1.575717764097879
37.70000000000023 1.565700394761775
37.75000000000023 1.5556761106978243
37.80000000000023 1.5456481836147493
37.85000000000023 1.535620039366947
37.900000000000226 1.525595263615589
37.95000000000023 1.5155776076431957
38.00000000000023 1.5055709942844306
38.05000000000023 1.4955795239496301
38.10000000000023 1.4856074807249076
38.15000000000023 1.4756593384863892
38.20000000000023 1.465739766983389
38.250000000000234 1.4558536378690794
38.30000000000023 1.4460060305996818
38.35000000000023 1.436202238117876
38.40000000000023 1.426447772274058
38.45000000000023 1.4167483689034452
38.500000000000234 1.4071099924472275
38.55000000000023 1.3975388400308424
38.600000000000236 1.3880413449110984
38.65000000000023 1.3786241791680602
38.70000000000024 1.369294255505141
38.750000000000234 1.3600587280425642
38.80000000000023 1.3509249919790443
38.850000000000236 1.3419006819527224
38.90000000000023 1.3329936689536988
38.95000000000024 1.3242120556693218
39.000000000000234 1.3155641700919662
39.05000000000024 1.3070585572192641
39.100000000000236 1.298703968732324
39.15000000000024 1.2905093505063645
39.20000000000024 1.282483827791953
39.250000000000234 1.2746366879669577
39.30000000000024 1.266977360763642
39.350000000000236 1.2595153958680345
39.40000000000024 1.2522604378440447
39.45000000000024 1.2452221983618998
39.50000000000024 1.2384104257281376
39.55000000000024 1.2318348717670204
39.60000000000024 1.2255052561382973
39.65000000000024 1.2194312282235988
39.700000000000244 1.2136223267732882
39.75000000000024 1.208087937528891
39.80000000000024 1.202837249099147
39.85000000000024 1.1978792074547162
39.90000000000024 1.1932224694187596
39.950000000000244 1.188875355563137
40.00000000000024 1.1848458030057085
40.050000000000246 1.1811413186189526
40.10000000000024 1.1777689331687877
40.15000000000025 1.1747351569693005
40.200000000000244 1.1720459376273304
40.25000000000024 1.1697066203951136
40.300000000000246 1.1677219116856365
40.35000000000024 1.1660958463184317
40.40000000000025 1.164831758969906
40.450000000000244 1.1639322602323179
40.50000000000025 1.1633992176513874
40.550000000000246 1.163233742036195
40.60000000000025 1.1634361792649535
40.65000000000025 1.1640061077458406
40.700000000000244 1.1649423415613331
40.75000000000025 1.1662429392025309
40.800000000000246 1.1679052177616898
40.85000000000025 1.1699257724008274
40.90000000000025 1.172300500798895
40.95000000000025 1.1750246321748394
41.00000000000025 1.1780927604327054
41.05000000000025 1.1814988809539926
41.10000000000025 1.185236430529789
41.15000000000025 1.1892983298752526
41.20000000000025 1.1936770281510847
41.25000000000025 1.1983645489315242
41.30000000000025 1.2033525370641973
41.35000000000025 1.2086323058819957
41.400000000000254 1.2141948842589296
41.45000000000025 1.2200310630318987
41.500000000000256 1.2261314403692487
41.55000000000025 1.2324864657293881
41.60000000000025 1.2390864820601086
41.650000000000254 1.2459217659219195
41.70000000000025 1.2529825653289064
41.750000000000256 1.2602591351679686
41.80000000000025 1.2677417700493292
41.85000000000026 1.2754208344789186
41.900000000000254 1.2832867903305534
41.95000000000026 1.2913302216272282
42.000000000000256 1.2995418566390278
42.05000000000026 1.30791258735386
42.10000000000026 1.3164334864246088
42.150000000000254 1.3250958216951692
42.20000000000026 1.3338910684248917
42.250000000000256 1.342810919347606
42.30000000000026 1.351847292681261
42.35000000000026 1.360992338240483
42.40000000000026 1.370238441847575
42.45000000000026 1.3795782281727533
42.50000000000026 1.3890045621150444
42.55000000000026 1.3985105489095375
42.60000000000026 1.408089533114766
42.65000000000026 1.4177350965673008
42.70000000000026 1.427441055439382
42.75000000000026 1.4372014565547375
42.80000000000026 1.4470105730675895
42.850000000000264 1.4568628996006165
42.90000000000026 1.466753146932991
42.950000000000266 1.476676236324159
43.00000000000026 1.486627293571059
43.05000000000026 1.4966016428639488
43.100000000000264 1.5065948004906318
43.15000000000026 1.5166024684725223
43.200000000000266 1.5266205281908884
43.25000000000026 1.5366450340265538
43.30000000000027 1.546672207056082
43.350000000000264 1.5566984288439771
43.40000000000027 1.5667202353647185
43.450000000000266 1.5767343110941194
43.50000000000026 1.5867374832748016
43.55000000000027 1.5967267163675762
43.600000000000264 1.6066991067336245
43.65000000000027 1.6166518775411285
43.700000000000266 1.6265823738760499
43.75000000000027 1.636488058100109
43.80000000000027 1.6463665054736836
43.85000000000027 1.6562154000132732
43.90000000000027 1.666032530592904
43.950000000000266 1.6758157873064166
44.00000000000027 1.6855631580700685
44.05000000000027 1.6952727254556974
44.10000000000027 1.7049426637601437
44.15000000000027 1.7145712363053682
44.20000000000027 1.7241567929609647
44.25000000000027 1.7336977678785341
44.300000000000274 1.7431926774249311
44.35000000000027 1.7526401183075804
44.40000000000027 1.7620387658814116
44.45000000000027 1.7713873726197498
44.50000000000027 1.7806847667401402
44.550000000000274 1.789929850980063
44.60000000000027 1.799121601499631
44.650000000000276 1.808259066885734
44.70000000000027 1.8173413672548158
44.75000000000028 1.8263676934422832
44.800000000000274 1.8353373062454295
44.85000000000028 1.8442495357144815
44.900000000000276 1.8531037804938812
44.95000000000027 1.861899507175532
45.00000000000028 1.8706362496360927
45.050000000000274 1.8793136083619988
45.10000000000028 1.887931249741714
45.150000000000276 1.8964889052933867
45.20000000000028 1.9049863708232788
45.25000000000028 1.9134235055141053
45.30000000000028 1.921800230923423
45.35000000000028 1.9301165298627951
45.400000000000276 1.9383724451466624
45.45000000000028 1.9465680782162982
45.50000000000028 1.9547035876185803
45.55000000000028 1.9627791873182043
45.60000000000028 1.970795144861897
45.65000000000028 1.97875177939797
45.70000000000028 1.9866494595274415
45.750000000000284 1.9944886009883822
45.80000000000028 2.0022696641817816
45.85000000000028 2.009993151544916
45.90000000000028 2.0176596047871898
45.95000000000028 2.025269601985399
46.000000000000284 2.032823754561229
46.05000000000028 2.0403227041899075
46.100000000000286 2.047767119615102
46.15000000000028 2.0551576933576903
46.20000000000029 2.0624951384028924
46.250000000000284 2.069780184875572
46.30000000000028 2.077013576662443
46.350000000000286 2.0841960680739144
46.40000000000028 2.0913284206159015
46.45000000000029 2.098411399817842
46.500000000000284 2.1054457721533586
46.55000000000029 2.1124323021411557
46.600000000000286 2.1193717495971205
46.65000000000029 2.126264867032913
46.70000000000029 2.1331123972780577
46.750000000000284 2.139915071342448
46.80000000000029 2.1466736065144074
46.850000000000286 2.1533887047307263
46.90000000000029 2.160061051231027
46.95000000000029 2.166691313497423
47.00000000000029 2.1732801404870665
47.05000000000029 2.1798281621416877
47.10000000000029 2.186335989179234
47.15000000000029 2.192804213181799
47.200000000000294 2.1992334069405923
47.25000000000029 2.2056241250315205
47.30000000000029 2.2119769046275026
47.35000000000029 2.218292266499939
47.40000000000029 2.224570716152016
47.450000000000294 2.2308127450779827
47.50000000000029 2.237018832119255
47.550000000000296 2.243189444855232
47.60000000000029 2.2493250410039436
47.6500000000003 2.2554260698206408
47.700000000000294 2.261492973441879
47.75000000000029 2.2675261881145166
47.800000000000296 2.273526145293385
47.85000000000029 2.2794932726038386
47.9000000000003 2.285427994631184
47.950000000000294 2.291330733520699
48.0000000000003 2.2972019094082663
48.050000000000296 2.3030419406591736
48.1000000000003 2.3088512439087183
48.1500000000003 2.3146302339695484
48.200000000000294 2.320379323598432
48.2500000000003 2.3260989230631544
48.300000000000296 2.3317894395760477
48.3500000000003 2.3374512766924127
48.4000000000003 2.3430848336785113
48.4500000000003 2.348690504855518
48.5000000000003 2.3542686789396257
48.5500000000003 2.359819738392027
48.6000000000003 2.3653440588634864
48.6500000000003 2.3708420088057665
48.7000000000003 2.3763139491962657
48.7500000000003 2.3817602333169328
48.8000000000003 2.3871812066304883
48.8500000000003 2.3925772068416546
48.900000000000304 2.3979485641734053
48.9500000000003 2.4032956017638725
49.000000000000306 2.4086186360738755
49.0500000000003 2.4139179773419843
49.1000000000003 2.4191939301575522
49.150000000000304 2.4244467940892527
49.2000000000003 2.429676864293228
49.250000000000306 2.434884432107645
49.3000000000003 2.440069785607838
49.35000000000031 2.4452332100729195
49.400000000000304 2.450374988378292
49.45000000000031 2.4554954012947103
49.500000000000306 2.4605947276438807
49.5500000000003 2.4656732443635603
49.60000000000031 2.470731226490173
49.650000000000304 2.475768946947363
49.70000000000031 2.480786676205901
49.750000000000306 2.485784681996876
49.80000000000031 2.4907632290271824
49.85000000000031 2.4957225785965105
49.90000000000031 2.5006629882024987
49.95000000000031 2.505584711190791
50.00000000000031 2.5104879964328264
50.05000000000031 2.5153730880718057
50.10000000000031 2.52024022535501
50.15000000000031 2.5250896425514187
50.20000000000031 2.529921568980544
50.25000000000031 2.534736229117553
50.30000000000031 2.539533842742609
50.350000000000314 2.5443146251796964
50.40000000000031 2.549078787634811
50.450000000000315 2.5538265375783604
50.50000000000031 2.558558079105991
50.55000000000031 2.563273613256514
50.600000000000314 2.567973338341563
50.65000000000031 2.572657450276283
50.700000000000315 2.577326142820659
50.75000000000031 2.5819796077628707
50.80000000000032 2.5866180350936605
50.850000000000314 2.5912416130784006
50.90000000000032 2.5958505281927757
50.950000000000315 2.600444965011881
51.00000000000031 2.6050251060981187
51.05000000000032 2.609591131870023
51.100000000000314 2.6141432204265174
51.15000000000032 2.618681547351013
51.200000000000315 2.6232062855489886
51.25000000000032 2.627717605090175
51.30000000000032 2.6322156730470945
51.35000000000032 2.636700653413099
51.40000000000032 2.641172707095816
51.450000000000315 2.6456319919490685
51.50000000000032 2.6500786628641277
51.55000000000032 2.654512871872884
51.60000000000032 2.6589347682772444
51.65000000000032 2.663344498892283
51.70000000000032 2.667742208287255
51.75000000000032 2.672128038950222
51.800000000000324 2.6765021315178896
51.85000000000032 2.680864624995251
51.90000000000032 2.6852156568054997
51.95000000000032 2.6895553628233224
52.00000000000032 2.693883877476109
52.050000000000324 2.698201333773588
52.10000000000032 2.7025078632817108
52.150000000000325 2.7068035961146086
52.20000000000032 2.7110886608909333
52.25000000000033 2.7153631846414648
52.300000000000324 2.7196272926964915
52.35000000000033 2.7238811085740067
52.400000000000325 2.7281247539209663
52.45000000000032 2.73235834848948
52.50000000000033 2.736582010093588
52.550000000000324 2.7407958545913442
52.60000000000033 2.7449999959234237
52.650000000000325 2.74919454616093
52.70000000000033 2.7533796155600765
52.75000000000033 2.757555312665009
52.80000000000033 2.761721744456054
52.85000000000033 2.765879016490088
52.900000000000325 2.7700272329889435
52.95000000000033 2.7741664969075064
53.00000000000033 2.7782969100259503
53.05000000000033 2.782418573017279
53.10000000000033 2.786531585453809
53.15000000000033 2.7906360458324375
53.20000000000033 2.7947320516311103
53.250000000000334 2.7988196992706125
53.30000000000033 2.802899083992679
53.35000000000033 2.8069702998027646
53.40000000000033 2.8110334394386647
53.45000000000033 2.81508859427176
53.500000000000334 2.819135854269169
53.55000000000033 2.823175308069003
53.600000000000335 2.8272070430107905
53.65000000000033 2.831231145122282
53.70000000000034 2.8352476991710454
53.750000000000334 2.8392567887221603
53.80000000000033 2.843258496164211
53.850000000000335 2.8472529027714857
53.90000000000033 2.8512400887896736
53.95000000000034 2.855220133511501
54.000000000000334 2.8591931153474066
54.05000000000034 2.8631591118565414
54.100000000000335 2.8671181997495383
54.15000000000034 2.871070454921072
54.20000000000034 2.8750159524698944
54.250000000000334 2.8789547666676745
54.30000000000034 2.8828869709550258
54.350000000000335 2.8868126379679557
54.40000000000034 2.890731839486804
54.45000000000034 2.894644646347399
54.50000000000034 2.8985511284431755
54.55000000000034 2.9024513547499344
54.60000000000034 2.9063453932912555
54.65000000000034 2.91023331117443
54.70000000000034 2.914115174709443
54.75000000000034 2.91799104943659
54.80000000000034 2.921861000100431
54.85000000000034 2.925725090694564
54.90000000000034 2.9295833844871795
54.950000000000344 2.933435943988785
55.00000000000034 2.9372828309730767
55.050000000000345 2.9411241065446307
55.10000000000034 2.944959831178748
55.15000000000035 2.9487900647334153
55.200000000000344 2.952614866456885
55.25000000000034 2.956434295001972
55.300000000000345 2.9602484084122436
55.35000000000034 2.964057264070238
55.40000000000035 2.967860918696412
55.450000000000344 2.9716594283862032
55.50000000000035 2.975452848581305
55.550000000000345 2.9792412340316434
55.60000000000035 2.9830246388027093
55.65000000000035 2.9868031162533466
55.700000000000344 2.990576719012564
55.75000000000035 2.994345499005612
55.800000000000345 2.9981095074694704
55.85000000000035 3.001868794974288
55.90000000000035 3.0056234114816616
55.95000000000035 3.0093734063920743
56.00000000000035 3.013118828595868
56.05000000000035 3.016859726496965
56.10000000000035 3.0205961479617516
56.15000000000035 3.0243281403504825
56.20000000000035 3.028055750653172
56.25000000000035 3.0317790254952253
56.30000000000035 3.0354980110506276
56.35000000000035 3.0392127530336577
56.400000000000354 3.042923296672568
56.45000000000035 3.046629686658385
56.500000000000355 3.050331967162361
56.55000000000035 3.0540301817728333
56.60000000000035 3.05772437335786
56.650000000000354 3.061414584123514
56.70000000000035 3.0651008558043173
56.750000000000355 3.0687832297154047
56.80000000000035 3.0724617466920434
56.85000000000036 3.076136447069149
56.900000000000354 3.0798073707414546
56.95000000000036 3.0834745572669133
57.000000000000355 3.087138045916321
57.05000000000035 3.0907978756338927
57.10000000000036 3.09445408499803
57.150000000000354 3.0981067122441126
57.20000000000036 3.101755795314815
57.250000000000355 3.105401371862361
57.30000000000036 3.109043479181875
57.35000000000036 3.1126821541591014
57.40000000000036 3.1163174332710235
57.45000000000036 3.1199493525737467
57.50000000000036 3.123577947675541
57.55000000000036 3.1272032537548577
57.60000000000036 3.130825305602732
57.65000000000036 3.134444137610112
57.70000000000036 3.138059783697483
57.75000000000036 3.1416722773102426
57.80000000000036 3.1452816515313424
57.850000000000364 3.148887939163694
57.90000000000036 3.1524911727153526
57.950000000000365 3.15609138439666
58.00000000000036 3.1596886061413243
58.05000000000036 3.1632828696039734
58.100000000000364 3.166874206165914
58.15000000000036 3.170462646929211
58.200000000000365 3.1740482226784263
58.25000000000036 3.1776309638726525
58.30000000000037 3.181210900650425
58.350000000000364 3.1847880628000054
58.40000000000037 3.18836247976214
58.450000000000365 3.1919341806906796
58.50000000000036 3.1955031944652186
58.55000000000037 3.199069549606382
58.600000000000364 3.2026332742141075
58.65000000000037 3.2061943960214383
58.700000000000365 3.209752942447111
58.75000000000037 3.213308940576842
58.80000000000037 3.2168624171962072
58.85000000000037 3.2204133988531063
58.90000000000037 3.2239619118235874
58.950000000000365 3.227507982073312
59.00000000000037 3.2310516352895604
59.05000000000037 3.234592896901789
59.10000000000037 3.2381317920998534
59.15000000000037 3.241668345848279
59.20000000000037 3.2452025828428486
59.25000000000037 3.2487345275030943
59.300000000000374 3.2522642040265253
59.35000000000037 3.255791636385031
59.40000000000037 3.259316848304207
59.45000000000037 3.262839863293506
59.50000000000037 3.2663607046413645
59.550000000000374 3.2698793953678433
59.60000000000037 3.273395958204268
59.650000000000375 3.2769104156049704
59.70000000000037 3.280422789784054
59.75000000000038 3.2839331027237595
59.800000000000374 3.287441376119997
59.85000000000037 3.290947631370666
59.900000000000375 3.2944518896217776
59.95000000000037 3.2979541717587613
60.00000000000038 3.301454498409724
60.050000000000374 3.3049528900501985
60.10000000000038 3.308449367063778
60.150000000000375 3.31194394969353
60.20000000000038 3.3154366580221675
60.25000000000038 3.318927511986116
60.30000000000038 3.3224165313411445
60.35000000000038 3.325903735637797
60.400000000000375 3.3293891442371844
60.45000000000038 3.332872776304315
60.50000000000038 3.336354650793344
60.55000000000038 3.3398347864418994
60.60000000000038 3.343313201745204
60.65000000000038 3.3467899149580527
60.70000000000038 3.3502649441375696
60.750000000000384 3.353738307140406
60.80000000000038 3.3572100215924747
60.85000000000038 3.360680104907456
60.90000000000038 3.3641485743096404
60.95000000000038 3.367615446820218
61.000000000000384 3.3710807392710933
61.05000000000038 3.374544468371686
61.100000000000385 3.378006650744388
61.15000000000038 3.3814673028832187
61.20000000000039 3.3849264411233246
61.250000000000384 3.3883840816549493
61.30000000000038 3.3918402404922254
61.350000000000385 3.3952949334292026
61.40000000000038 3.398748176078754
61.45000000000039 3.402199983909621
61.500000000000384 3.405650372216811
61.55000000000039 3.4090993561069745
61.600000000000385 3.4125469505055257
61.65000000000039 3.4159931701505304
61.70000000000039 3.419438029599159
61.750000000000384 3.422881543244785
61.80000000000039 3.4263237253450365
61.850000000000385 3.4297645900557505
61.90000000000039 3.43320415141856
61.95000000000039 3.436642423335486
62.00000000000039 3.4400794195841495
62.05000000000039 3.443515153816683
62.10000000000039 3.446949639537745
62.15000000000039 3.450382890110716
62.20000000000039 3.453814918757502
62.25000000000039 3.457245738535777
62.30000000000039 3.4606753623147894
62.35000000000039 3.4641038027478523
62.40000000000039 3.4675310722742325
62.450000000000394 3.4709571831412527
62.50000000000039 3.4743821473900764
62.550000000000395 3.4778059768550325
62.60000000000039 3.481228683206007
62.6500000000004 3.4846502779492843
62.700000000000394 3.4880707724107864
62.75000000000039 3.491490177795847
62.800000000000395 3.4949085052652022
62.85000000000039 3.4983257659504674
62.9000000000004 3.5017419709766644
62.950000000000394 3.505157131514281
63.0000000000004 3.5085712587601177
63.050000000000395 3.511984363861339
63.1000000000004 3.5153964578992505
63.1500000000004 3.5188075518894477
63.200000000000394 3.522217656729082
63.2500000000004 3.525626783180451
63.300000000000395 3.5290349418919833
63.3500000000004 3.5324421433659396
63.4000000000004 3.5358483979274737
63.4500000000004 3.5392537157278467
63.5000000000004 3.5426581067244425
63.5500000000004 3.546061580677234
63.6000000000004 3.5494641471734205
63.6500000000004 3.5528658156312547
63.7000000000004 3.5562665953268593
63.7500000000004 3.5596664954264026
63.8000000000004 3.5630655249608996
63.8500000000004 3.5664636928319675
63.900000000000404 3.5698610078729627
63.9500000000004 3.5732574788639435
64.0000000000004 3.576653114522329
64.05000000000041 3.580047923513451
64.1000000000004 3.58344191444498
64.1500000000004 3.5868350958632598
64.2000000000004 3.5902274762626085
64.2500000000004 3.593619064073455
64.30000000000041 3.5970098676423037
64.3500000000004 3.600399895228067
64.4000000000004 3.6037891550379513
64.4500000000004 3.6071776552827166
64.50000000000041 3.6105654041447126
64.55000000000041 3.6139524096854228
64.6000000000004 3.617338679848019
64.6500000000004 3.620724222520999
64.7000000000004 3.624109045544288
64.75000000000041 3.62749315668688
64.80000000000041 3.630876563628038
64.8500000000004 3.6342592739418578
64.9000000000004 3.6376412951286117
64.95000000000041 3.6410226346536296
65.00000000000041 3.644403299905218
65.05000000000041 3.647783298119577
65.1000000000004 3.651162636383567
65.1500000000004 3.654541321706544
65.20000000000041 3.657919361054659
65.25000000000041 3.661296761316934
65.30000000000041 3.6646735292835197
65.3500000000004 3.6680496716584794
65.40000000000042 3.6714251950558885
65.45000000000041 3.674800105993301
65.50000000000041 3.6781744109082886
65.55000000000041 3.681548116171134
65.6000000000004 3.6849212280900874
65.65000000000042 3.6882937529081654
65.70000000000041 3.6916656967883563
65.75000000000041 3.695037065833551
65.80000000000041 3.6984078661287088
65.85000000000042 3.7017781037308732
65.90000000000042 3.705147784633815
65.95000000000041 3.7085169147636217
66.00000000000041 3.7118854999879636
66.05000000000041 3.715253546135319
66.10000000000042 3.7186210590029836
66.15000000000042 3.721988044311977
66.20000000000041 3.7253545076815064
66.25000000000041 3.7287204546717563
66.30000000000042 3.732085890796278
66.35000000000042 3.7354508215041013
66.40000000000042 3.7388152522232723
66.45000000000041 3.7421791883911757
66.50000000000041 3.7455426353963324
66.55000000000042 3.7489055985329136
66.60000000000042 3.752268083013096
66.65000000000042 3.75563009397303
66.70000000000041 3.75899163646957
66.75000000000043 3.7623527154823075
66.80000000000042 3.765713335906605
66.85000000000042 3.7690735025577453
66.90000000000042 3.7724332201907234
66.95000000000041 3.7757924935055867
67.00000000000043 3.7791513271452275
67.05000000000042 3.7825097257024893
67.10000000000042 3.7858676937224973
67.15000000000042 3.789225235690274
67.20000000000043 3.7925823560201666
67.25000000000043 3.795939059075853
67.30000000000042 3.7992953492046073
67.35000000000042 3.802651230725873
67.40000000000042 3.8060067078906235
67.45000000000043 3.8093617848812027
67.50000000000043 3.812716465826902
67.55000000000042 3.81607075479096
67.60000000000042 3.81942465577521
67.65000000000043 3.8227781727567267
67.70000000000043 3.826131309698152
67.75000000000043 3.829484070527113
67.80000000000042 3.8328364591276722
67.85000000000042 3.836188479354511
67.90000000000043 3.8395401350555174
67.95000000000043 3.8428914300824015
68.00000000000043 3.846242368286005
68.05000000000042 3.849592953518063
68.10000000000043 3.852943189631377
68.15000000000043 3.856293080456786
68.20000000000043 3.859642629787383
68.25000000000043 3.862991841389419
68.30000000000042 3.8663407190034524
68.35000000000043 3.8696892663292126
68.40000000000043 3.8730374870178053
68.45000000000043 3.876385384666561
68.50000000000043 3.8797329628215897
68.55000000000044 3.883080224992604
68.60000000000043 3.886427174648548
68.65000000000043 3.8897738152055044
68.70000000000043 3.8931201500404087
68.75000000000043 3.896466182488394
68.80000000000044 3.8998119158152207
68.85000000000043 3.9031573532383583
68.90000000000043 3.9065024979735137
68.95000000000043 3.909847353226925
69.00000000000044 3.913191922175892
69.05000000000044 3.916536207981123
69.10000000000043 3.919880213772079
69.15000000000043 3.9232239426052193
69.20000000000044 3.9265673974611484
69.25000000000044 3.929910581265714
69.30000000000044 3.933253496890723
69.35000000000043 3.9365961471501256
69.40000000000043 3.939938534805596
69.45000000000044 3.9432806625676053
69.50000000000044 3.946622533094446
69.55000000000044 3.9499641489971804
69.60000000000043 3.953305512847194
69.65000000000045 3.956646627187886
69.70000000000044 3.959987494545702
69.75000000000044 3.9633281174262884
69.80000000000044 3.966668498307749
69.85000000000043 3.9700086396520784
69.90000000000045 3.9733485439170804
69.95000000000044 3.976688213551471
70.00000000000044 3.98002765099457
70.05000000000044 3.9833668586831554
70.10000000000045 3.986705839039992
70.15000000000045 3.9900445944529115
70.20000000000044 3.993383127270341
70.25000000000044 3.996721439808471
70.30000000000044 4.000059534353223
70.35000000000045 4.003397413154037
70.40000000000045 4.006735078423417
70.45000000000044 4.010072532347877
70.50000000000044 4.013409777087425
70.55000000000045 4.0167468147692675
70.60000000000045 4.020083647513457
70.65000000000045 4.023420277464632
70.70000000000044 4.026756706787765
70.75000000000044 4.030092937663788
70.80000000000045 4.033428972299014
70.85000000000045 4.036764812905825
70.90000000000045 4.0401004616726155
70.95000000000044 4.043435920762155
71.00000000000045 4.0467711923153855
71.05000000000045 4.050106278444105
71.10000000000045 4.053441181227017
71.15000000000045 4.056775902709952
71.20000000000044 4.060110444903359
71.25000000000045 4.0634448097727445
71.30000000000045 4.066778999232188
71.35000000000045 4.070113015156557
71.40000000000045 4.073446859394281
71.45000000000046 4.076780533768776
71.50000000000045 4.080114040086736
71.55000000000045 4.083447380144584
71.60000000000045 4.086780555726949
71.65000000000045 4.090113568614049
71.70000000000046 4.09344642058041
71.75000000000045 4.096779113382909
71.80000000000045 4.100111648764878
71.85000000000045 4.103444028449591
71.90000000000046 4.1067762541186115
71.95000000000046 4.110108327416834
72.00000000000045 4.113440249951992
72.05000000000045 4.116772023273103
72.10000000000045 4.120103648891746
72.15000000000046 4.123435128317779
72.20000000000046 4.126766463044232
72.25000000000045 4.130097654529988
72.30000000000045 4.133428704210727
72.35000000000046 4.136759613502611
72.40000000000046 4.140090383806541
72.45000000000046 4.1434210165177126
72.50000000000045 4.146751513019197
72.55000000000045 4.150081874678873
72.60000000000046 4.153412102865564
72.65000000000046 4.156742198962665
72.70000000000046 4.16007216435952
72.75000000000045 4.163402000420616
72.80000000000047 4.166731708469164
72.85000000000046 4.170061289813307
72.90000000000046 4.1733907457694865
72.95000000000046 4.1767200776437985
73.00000000000045 4.180049286706265
73.05000000000047 4.1833783741893535
73.10000000000046 4.186707341300153
73.15000000000046 4.190036189230828
73.20000000000046 4.193364919159275
73.25000000000047 4.196693532243866
73.30000000000047 4.200022029627981
73.35000000000046 4.203350412458919
73.40000000000046 4.206678681903321
73.45000000000046 4.21000683914308
73.50000000000047 4.213334885365547
73.55000000000047 4.2166628217635225
73.60000000000046 4.2199906495324875
73.65000000000046 4.2233183698617704
73.70000000000047 4.226645983933398
73.75000000000047 4.229973492924488
73.80000000000047 4.233300898004012
73.85000000000046 4.236628200320384
73.90000000000046 4.239955400984047
73.95000000000047 4.243282501073752
74.00000000000047 4.246609501665093
74.05000000000047 4.2499364038322005
74.10000000000046 4.253263208627189
74.15000000000047 4.256589917081797
74.20000000000047 4.2599165302167075
74.25000000000047 4.263243049037272
74.30000000000047 4.266569474537106
74.35000000000048 4.269895807708488
74.40000000000047 4.273222049541887
74.45000000000047 4.276548201025173
74.50000000000047 4.279874263147496
74.55000000000047 4.283200236895104
74.60000000000048 4.2865261232446485
74.65000000000047 4.289851923164222
74.70000000000047 4.293177637606847
74.75000000000047 4.296503267490602
74.80000000000048 4.299828813696773
74.85000000000048 4.303154277093692
74.90000000000047 4.306479658547155
74.95000000000047 4.309804958910673
75.00000000000047 4.313130179025713
75.05000000000048 4.316455319727118
75.10000000000048 4.319780381836753
75.15000000000047 4.323105366159795
75.20000000000047 4.326430273493451
75.25000000000048 4.329755104636205
75.30000000000048 4.333079860387239
75.35000000000048 4.336404541536369
75.40000000000047 4.339729148857318
75.45000000000047 4.3430536831128705
75.50000000000048 4.3463781450596395
75.55000000000048 4.34970253544404
75.60000000000048 4.353026854998856
75.65000000000047 4.356351104444482
75.70000000000049 4.359675284487796
75.75000000000048 4.362999395819015
75.80000000000048 4.366323439114368
75.85000000000048 4.369647415042993
75.90000000000047 4.372971324270553
75.95000000000049 4.376295167459322
76.00000000000048 4.379618945266543
76.05000000000048 4.382942658345806
76.10000000000048 4.386266307357373
76.15000000000049 4.389589892973704
76.20000000000049 4.392913415869526
76.25000000000048 4.396236876716117
76.30000000000048 4.399560276183386
76.35000000000048 4.402883614931138
76.40000000000049 4.4062068936011585
76.45000000000049 4.409530112826065
76.50000000000048 4.412853273237742
76.55000000000048 4.416176375462329
76.60000000000049 4.419499420110334
76.65000000000049 4.422822407774143
76.70000000000049 4.42614533903357
76.75000000000048 4.429468214455559
76.80000000000048 4.432791034593201
76.85000000000049 4.436113799999806
76.90000000000049 4.439436511235947
76.95000000000049 4.4427591688572985
77.00000000000048 4.446081773412725
77.0500000000005 4.44940432544973
77.10000000000049 4.452726825508106
77.15000000000049 4.456049274120316
77.20000000000049 4.459371671817657
77.25000000000048 4.462694019124733
77.3000000000005 4.466016316560542
77.35000000000049 4.4693385646467
77.40000000000049 4.472660763902234
77.45000000000049 4.47598291484294
77.5000000000005 4.479305017991192
77.5500000000005 4.4826270738688105
77.60000000000049 4.485949082983399
77.65000000000049 4.489271045830555
77.70000000000049 4.4925929628964445
77.7500000000005 4.495914834653956
77.8000000000005 4.499236661565944
77.85000000000049 4.502558444092045
77.90000000000049 4.505880182689881
77.9500000000005 4.509201877811296
78.0000000000005 4.51252352989848
78.0500000000005 4.515845139387135
78.10000000000049 4.519166706712905
78.15000000000049 4.522488232310442
78.2000000000005 4.525809716611644
78.2500000000005 4.529131160049477
78.3000000000005 4.532452563055055
78.35000000000049 4.535773926047737
78.4000000000005 4.539095249434582
78.4500000000005 4.5424165336176285
78.5000000000005 4.545737778995388
78.5500000000005 4.549058985961058
78.60000000000049 4.552380154905134
78.6500000000005 4.555701286216575
78.7000000000005 4.559022380277099
78.7500000000005 4.56234343745781
78.8000000000005 4.565664458123999
78.8500000000005 4.568985442639192
78.9000000000005 4.5723063913655295
78.9500000000005 4.575627304666435
79.0000000000005 4.578948182908024
79.0500000000005 4.582269026456965
79.1000000000005 4.585589835680151
79.1500000000005 4.588910610942979
79.2000000000005 4.592231352604951
79.2500000000005 4.595552061019593
79.30000000000051 4.5988727365326705
79.3500000000005 4.602193379475249
79.4000000000005 4.605513990164591
79.4500000000005 4.608834568910643
79.50000000000051 4.612155116016165
79.55000000000051 4.615475631778758
79.6000000000005 4.618796116499522
79.6500000000005 4.62211657048476
79.7000000000005 4.625436994038691
79.75000000000051 4.628757387460697
79.80000000000051 4.632077751050576
79.8500000000005 4.63539808511097
79.9000000000005 4.638718389944325
79.95000000000051 4.6420386658544555
80.00000000000051 4.645358913149276
80.05000000000051 4.648679132134638
80.1000000000005 4.651999323110021
80.1500000000005 4.655319486370893
80.20000000000051 4.658639622203719
80.25000000000051 4.66195973088046
80.30000000000051 4.66527981266709
80.3500000000005 4.668599867832492
80.40000000000052 4.6719198966455044
80.45000000000051 4.675239899368492
80.50000000000051 4.678559876255287
80.55000000000051 4.681879827556235
80.6000000000005 4.685199753525811
80.65000000000052 4.6885196544221275
80.70000000000051 4.691839530500535
80.75000000000051 4.695159382012546
80.80000000000051 4.698479209211056
80.85000000000052 4.701799012354515
80.90000000000052 4.705118791704147
80.95000000000051 4.708438547516142
81.00000000000051 4.711758280038015
81.05000000000051 4.71507798951433
81.10000000000052 4.718397676194544
81.15000000000052 4.721717340329831
81.20000000000051 4.725036982160662
81.25000000000051 4.728356601913695
81.30000000000052 4.731676199809996
81.35000000000052 4.734995776068686
81.40000000000052 4.738315330904773
81.45000000000051 4.741634864528332
81.50000000000051 4.7449543771449365
81.55000000000052 4.748273868957986
81.60000000000052 4.751593340169886
81.65000000000052 4.754912790981456
81.70000000000051 4.758232221596913
81.75000000000053 4.761551632226405
81.80000000000052 4.764871023078515
81.85000000000052 4.768190394357778
81.90000000000052 4.771509746267009
81.95000000000051 4.7748290790029655
82.00000000000053 4.778148392755883
82.05000000000052 4.781467687711598
82.10000000000052 4.784786964045276
82.15000000000052 4.788106221924381
82.20000000000053 4.791425461523461
82.25000000000053 4.7947446830244695
82.30000000000052 4.798063886607411
82.35000000000052 4.801383072450351
82.40000000000052 4.804702240730774
82.45000000000053 4.808021391622746
82.50000000000053 4.811340525297466
82.55000000000052 4.814659641926818
82.60000000000052 4.8179787416857245
82.65000000000053 4.821297824750467
82.70000000000053 4.8246168912936955
82.75000000000053 4.827935941483239
82.80000000000052 4.831254975485254
82.85000000000052 4.834573993465033
82.90000000000053 4.837892995584631
82.95000000000053 4.841211982000159
83.00000000000053 4.84453095286165
83.05000000000052 4.847849908316235
83.10000000000053 4.851168848509792
83.15000000000053 4.854487773586091
83.20000000000053 4.857806683687875
83.25000000000053 4.8611255789581795
83.30000000000052 4.864444459539408
83.35000000000053 4.86776332557335
83.40000000000053 4.871082177202787
83.45000000000053 4.874401014572793
83.50000000000053 4.877719837830724
83.55000000000054 4.881038647122554
83.60000000000053 4.884357442588642
83.65000000000053 4.8876762243663645
83.70000000000053 4.890994992595327
83.75000000000053 4.894313747415715
83.80000000000054 4.897632488965006
83.85000000000053 4.900951217379697
83.90000000000053 4.9042699327943335
83.95000000000053 4.907588635335926
84.00000000000054 4.910907325124641
84.05000000000054 4.914226002280118
84.10000000000053 4.917544666922878
84.15000000000053 4.920863319171404
84.20000000000053 4.924181959141151
84.25000000000054 4.92750058694542
84.30000000000054 4.930819202695659
84.35000000000053 4.934137806501535
84.40000000000053 4.937456398472752
84.45000000000054 4.940774978721622
84.50000000000054 4.944093547363068
84.55000000000054 4.9474121045135835
84.60000000000053 4.950730650291394
84.65000000000055 4.9540491848159025
84.70000000000054 4.957367708207212
84.75000000000054 4.960686220585882
84.80000000000054 4.964004722069388
84.85000000000053 4.967323212769415
84.90000000000055 4.9706416927947314
84.95000000000054 4.9739601622529985
85.00000000000054 4.977278621248952
85.05000000000054 4.980597069885497
85.10000000000055 4.9839155082658335
85.15000000000055 4.987233936490291
85.20000000000054 4.990552354652421
85.25000000000054 4.993870762841532
85.30000000000054 4.997189161147574
85.35000000000055 5.000507549661611
85.35000000000055 5.000507549661611
