Time(fs) Position(Å)
0.0 5.0
0.05000000000000001 4.994211457342161
0.10000000000000002 4.9884229048322295
0.15000000000000002 4.982634342339624
0.20000000000000004 4.9768457696986745
0.25 4.971057186725474
0.3 4.965268593233293
0.35 4.9594799890267085
0.39999999999999997 4.9536913739066035
0.44999999999999996 4.947902747674147
0.49999999999999994 4.942114110126837
0.5499999999999999 4.9363254610619824
0.6 4.930536800277347
0.6499999999999999 4.924748127567949
0.7 4.918959442728477
0.7499999999999999 4.91317074555214
0.7999999999999999 4.907382035828173
0.85 4.90159331334358
0.8999999999999999 4.895804577881254
0.95 4.89001582921844
0.9999999999999999 4.8842270671282755
1.0499999999999998 4.878438291377903
1.0999999999999999 4.872649501728099
1.15 4.866860697934791
1.2 4.86107187974751
1.2499999999999998 4.855283046910024
1.2999999999999998 4.849494199161672
1.3499999999999999 4.8437053362361135
1.4 4.837916457862493
1.4499999999999997 4.832127563766259
1.4999999999999998 4.826338653667971
1.55 4.820549727284517
1.5999999999999999 4.814760784329143
1.65 4.808971824510212
1.7 4.803182847532206
1.75 4.797393853095004
1.7999999999999998 4.7916048408927345
1.8499999999999999 4.785815810614574
1.9 4.780026761943603
1.95 4.7742376945560405
1.9999999999999998 4.768448608122024
2.05 4.762659502304402
2.0999999999999996 4.7568703767586
2.15 4.751081231133442
2.1999999999999997 4.745292065070114
2.25 4.739502878202628
2.3 4.733713670158559
2.3499999999999996 4.727924440558141
2.4 4.722135189015081
2.4499999999999997 4.71634591513693
2.4999999999999996 4.7105566185241825
2.55 4.704767298771099
2.5999999999999996 4.69897795546552
2.6499999999999995 4.693188588187907
2.6999999999999997 4.687399196512004
2.7499999999999996 4.681609780004107
2.8 4.675820338222181
2.8499999999999996 4.6700308707163956
2.8999999999999995 4.664241377028095
2.9499999999999997 4.658451856689233
2.9999999999999996 4.652662309222915
3.0499999999999994 4.64687273414235
3.1 4.641083130950791
3.1500000000000004 4.635293499142116
3.2000000000000006 4.629503838199911
3.250000000000001 4.623714147597889
3.300000000000001 4.6179244268003625
3.3500000000000014 4.612134675261421
3.4000000000000017 4.606344892425591
3.4500000000000024 4.600555077727966
3.5000000000000027 4.594765230593356
3.550000000000003 4.588975350436925
3.600000000000003 4.583185436663818
3.6500000000000035 4.577395488668257
3.7000000000000037 4.5716055058340315
3.750000000000004 4.5658154875336585
3.8000000000000047 4.560025433127583
3.850000000000005 4.554235341964559
3.9000000000000052 4.548445213380586
3.9500000000000055 4.542655046698427
4.000000000000006 4.536864841228007
4.050000000000006 4.531074596265362
4.100000000000007 4.525284311092625
4.150000000000007 4.519493984978441
4.200000000000007 4.513703617177048
4.250000000000007 4.507913206928659
4.300000000000008 4.502122753459747
4.3500000000000085 4.49633225598218
4.400000000000008 4.490541713693791
4.450000000000009 4.484751125778281
4.500000000000009 4.478960491404329
4.55000000000001 4.473169809726082
4.600000000000009 4.467379079882582
4.65000000000001 4.461588300996822
4.700000000000011 4.455797472176092
4.750000000000011 4.450006592510982
4.800000000000011 4.4442156610745736
4.850000000000011 4.438424676922688
4.900000000000012 4.4326336390927175
4.950000000000012 4.426842546603158
5.000000000000012 4.42105139845387
5.050000000000013 4.415260193624962
5.100000000000013 4.409468931076767
5.150000000000014 4.403677609750107
5.2000000000000135 4.397886228565284
5.250000000000014 4.392094786422425
5.300000000000015 4.386303282201555
5.350000000000015 4.380511714761633
5.4000000000000155 4.37472008294101
5.450000000000015 4.36892838555709
5.500000000000016 4.363136621405322
5.550000000000016 4.357344789259542
5.6000000000000165 4.351552887871143
5.650000000000017 4.34576091596804
5.700000000000017 4.339968872254844
5.750000000000018 4.334176755411655
5.800000000000018 4.328384564093179
5.850000000000018 4.322592296928828
5.900000000000018 4.316799952521376
5.950000000000019 4.311007529446452
6.0000000000000195 4.305215026252649
6.050000000000019 4.299422441460252
6.10000000000002 4.293629773561181
6.15000000000002 4.287837021019055
6.200000000000021 4.282044182268035
6.25000000000002 4.276251255713085
6.300000000000021 4.270458239729786
6.350000000000022 4.264665132663203
6.400000000000022 4.25887193282819
6.450000000000022 4.2530786385087564
6.500000000000022 4.247285247956859
6.550000000000023 4.241491759392563
6.600000000000023 4.235698171002887
6.6500000000000234 4.229904480940595
6.700000000000024 4.224110687324177
6.750000000000024 4.21831678823633
6.800000000000025 4.212522781722968
6.8500000000000245 4.206728665793106
6.900000000000025 4.200934438417261
6.950000000000025 4.195140097526859
7.000000000000026 4.189345641014128
7.0500000000000265 4.183551066730603
7.100000000000026 4.177756372486966
7.150000000000027 4.171961556052825
7.200000000000027 4.166166615155303
7.2500000000000275 4.160371547479225
7.300000000000027 4.1545763506667
7.350000000000028 4.1487810223156085
7.400000000000029 4.142985559979361
7.450000000000029 4.137189961165807
7.500000000000029 4.131394223336537
7.550000000000029 4.125598343907644
7.60000000000003 4.119802320247095
7.65000000000003 4.114006149670434
7.70000000000003 4.108209829440303
7.750000000000031 4.102413356770322
7.800000000000031 4.096616728829056
7.850000000000032 4.090819942732584
7.900000000000031 4.085022995527216
7.950000000000032 4.0792258841894276
8.000000000000032 4.073428605652607
8.050000000000033 4.067631156824419
8.100000000000033 4.0618335345571905
8.150000000000034 4.056035735597109
8.200000000000033 4.050237756590177
8.250000000000034 4.044439594156718
8.300000000000034 4.038641244929057
8.350000000000035 4.032842705482219
8.400000000000036 4.027043972248716
8.450000000000035 4.0212450415401415
8.500000000000036 4.015445909639832
8.550000000000036 4.009646572828451
8.600000000000037 4.003847027323374
8.650000000000036 3.998047269243213
8.700000000000037 3.992247294625256
8.750000000000037 3.9864470994180015
8.800000000000038 3.9806466794571125
8.850000000000039 3.974846030502371
8.900000000000038 3.96904514829658
8.950000000000038 3.9632440285422867
9.000000000000039 3.9574426668286016
9.05000000000004 3.9516410586207322
9.10000000000004 3.9458391992935193
9.15000000000004 3.940037084123464
9.20000000000004 3.934234708282274
9.25000000000004 3.928432066888946
9.300000000000042 3.9226291550310037
9.35000000000004 3.9168259677033217
9.400000000000041 3.9110224997690013
9.450000000000042 3.9052187459820944
9.500000000000043 3.8994147009855897
9.550000000000043 3.893610359289078
9.600000000000042 3.887805715307227
9.650000000000043 3.8820007634085045
9.700000000000044 3.876195497884187
9.750000000000044 3.8703899129055483
9.800000000000045 3.8645840025359837
9.850000000000044 3.858777760718086
9.900000000000045 3.852971181226844
9.950000000000045 3.8471642576925142
10.000000000000046 3.8413569836564725
10.050000000000045 3.835549352561034
10.100000000000046 3.829741357735211
10.150000000000047 3.823932992423952
10.200000000000047 3.818124249769296
10.250000000000048 3.812315122748486
10.300000000000047 3.806505604174261
10.350000000000048 3.800695686720731
10.400000000000048 3.794885362901678
10.450000000000049 3.7890746250760805
10.50000000000005 3.7832634655036617
10.550000000000049 3.7774518763426377
10.60000000000005 3.7716398496086985
10.65000000000005 3.7658273771860555
10.70000000000005 3.7600144508212483
10.75000000000005 3.7542010620632507
10.80000000000005 3.748387202261349
10.850000000000051 3.742572862603584
10.900000000000052 3.7367580341007165
10.950000000000053 3.7309427075871313
11.000000000000052 3.7251268737730046
11.050000000000052 3.719310523238242
11.100000000000053 3.7134936463905555
11.150000000000054 3.7076762334764317
11.200000000000054 3.7018582745722406
11.250000000000053 3.6960397595278867
11.300000000000054 3.6902206779688935
11.350000000000055 3.684401019328674
11.400000000000055 3.678580772828212
11.450000000000054 3.672759927481949
11.500000000000055 3.666938472148513
11.550000000000056 3.6611163955178028
11.600000000000056 3.655293686077563
11.650000000000057 3.6494703321334647
11.700000000000056 3.64364632178798
11.750000000000057 3.637821642881629
11.800000000000058 3.631996283005012
11.850000000000058 3.626170229511621
11.900000000000059 3.620343469482779
11.950000000000058 3.6145159897523658
12.000000000000059 3.608687776951606
12.05000000000006 3.6028588174838214
12.10000000000006 3.5970290975229053
12.150000000000059 3.5911986030428644
12.20000000000006 3.585367319775858
12.25000000000006 3.579535233172556
12.300000000000061 3.573702328419572
12.350000000000062 3.5678685904124956
12.40000000000006 3.5620340037198615
12.45000000000006 3.556198552619488
12.50000000000006 3.5503622211110812
12.550000000000061 3.544524992892235
12.600000000000062 3.5386868513932783
12.650000000000063 3.532847779797041
12.700000000000061 3.527007760994455
12.750000000000062 3.5211667775836966
12.800000000000063 3.5153248118772957
12.850000000000064 3.509481845843092
12.900000000000064 3.503637861086622
12.950000000000063 3.497792838874529
13.000000000000064 3.491946760099551
13.050000000000065 3.486099605275152
13.100000000000065 3.4802513545858536
13.150000000000064 3.474401987874652
13.200000000000065 3.468551484630571
13.250000000000066 3.462699824030844
13.300000000000066 3.4568469849182417
13.350000000000067 3.450992945756286
13.400000000000066 3.445137684646749
13.450000000000067 3.4392811793009495
13.500000000000068 3.4334234069842706
13.550000000000068 3.427564344536384
13.600000000000069 3.4217039683690085
13.650000000000068 3.4158422544290854
13.700000000000069 3.4099791782345927
13.75000000000007 3.4041147148970183
13.80000000000007 3.398248839089124
13.850000000000069 3.3923815250679783
13.90000000000007 3.386512746690084
13.95000000000007 3.380642477358352
14.000000000000071 3.374770690014836
14.050000000000072 3.3688973571447463
14.10000000000007 3.3630224507163207
14.150000000000071 3.3571459421667367
14.200000000000072 3.351267802422931
14.250000000000073 3.3453880018633266
14.300000000000074 3.3395065103168355
14.350000000000072 3.3336232971062647
14.400000000000073 3.3277383310256674
14.450000000000074 3.321851580333691
14.500000000000075 3.3159630127913697
14.550000000000074 3.3100725956273864
14.600000000000074 3.304180295503505
14.650000000000075 3.2982860785329775
14.700000000000076 3.2923899102345433
14.750000000000076 3.2864917554843225
14.800000000000075 3.2805915785369675
14.850000000000076 3.274689342995993
14.900000000000077 3.2687850117788892
14.950000000000077 3.262878547158686
15.000000000000078 3.2569699107579133
15.050000000000077 3.2510590635222143
15.100000000000078 3.245145965763752
15.150000000000079 3.2392305771532586
15.20000000000008 3.2333128566768967
15.250000000000078 3.2273927626595302
15.300000000000079 3.221470252739801
15.35000000000008 3.215545283803375
15.40000000000008 3.209617811990035
15.450000000000081 3.2036877926748955
15.50000000000008 3.197755180415187
15.55000000000008 3.1918199289672264
15.600000000000081 3.1858819912731993
15.650000000000082 3.179941319414802
15.700000000000083 3.1739978646634213
15.750000000000082 3.1680515775156213
15.800000000000082 3.162102407640078
15.850000000000083 3.1561503038507075
15.900000000000084 3.150195214089807
15.950000000000083 3.144237085428701
16.000000000000085 3.138275864137061
16.050000000000086 3.1323114956322518
16.100000000000083 3.126343924278989
16.150000000000084 3.1203730933437503
16.200000000000085 3.114398945142722
16.250000000000085 3.108421421140369
16.300000000000086 3.1024404618691284
16.350000000000087 3.0964560066980353
16.400000000000087 3.0904679937331236
16.450000000000088 3.0844763600757084
16.50000000000009 3.078481042055234
16.550000000000086 3.0724819750527357
16.600000000000087 3.066479093218673
16.650000000000087 3.0604723294409353
16.700000000000088 3.0544616154841187
16.75000000000009 3.04844688208504
16.80000000000009 3.042428058868268
16.85000000000009 3.0364050742078907
16.90000000000009 3.0303778552359857
16.95000000000009 3.02434632781479
17.000000000000092 3.018310416375045
17.05000000000009 3.012270043959283
17.10000000000009 3.0062251324499636
17.15000000000009 3.0001756025737754
17.20000000000009 2.994121373704465
17.250000000000092 2.988062363747262
17.300000000000093 2.981998489165289
17.350000000000094 2.975929665048794
17.400000000000095 2.9698558050896806
17.450000000000095 2.963776821528508
17.500000000000092 2.9576926252215494
17.550000000000093 2.9516031255931217
17.600000000000094 2.945508230366229
17.650000000000095 2.9394078454829544
17.700000000000095 2.933301875263851
17.750000000000096 2.9271902224285546
17.800000000000097 2.9210727880219323
17.850000000000097 2.91494947144089
17.900000000000098 2.908820170435799
17.950000000000095 2.9026847809941683
18.000000000000096 2.896543197206307
18.050000000000097 2.890395311261896
18.100000000000097 2.884241013574775
18.150000000000098 2.8780801927837736
18.2000000000001 2.8719127356207634
18.2500000000001 2.8657385269128857
18.3000000000001 2.859557449567031
18.3500000000001 2.853369384337394
18.4000000000001 2.8471742097129322
18.4500000000001 2.8409718020313974
18.5000000000001 2.8347620354856655
18.5500000000001 2.82854478204191
18.6000000000001 2.8223199114637314
18.6500000000001 2.816087291316964
18.700000000000102 2.809846786844511
18.750000000000103 2.803598260823123
18.800000000000104 2.797341573530794
18.850000000000104 2.7910765827900113
18.9000000000001 2.784803143924054
18.950000000000102 2.77852110968185
19.000000000000103 2.77223033028627
19.050000000000104 2.765930653398164
19.100000000000104 2.759621923886041
19.150000000000105 2.753303983719869
19.200000000000106 2.746976671987733
19.250000000000107 2.740639824768482
19.300000000000107 2.734293275038119
19.350000000000104 2.7279368527561756
19.400000000000105 2.7215703848632753
19.450000000000106 2.7151936951481535
19.500000000000107 2.708806604180888
19.550000000000107 2.7024089292652573
19.600000000000108 2.696000484308487
19.65000000000011 2.689581079687921
19.70000000000011 2.6831505222097016
19.75000000000011 2.6767086151105945
19.80000000000011 2.670255157978046
19.850000000000108 2.66378994664354
19.90000000000011 2.657312773161987
19.95000000000011 2.6508234257191314
20.00000000000011 2.644321688410775
20.05000000000011 2.6378073411390806
20.10000000000011 2.6312801595805464
20.150000000000112 2.624739915027439
20.200000000000113 2.6181863742880727
20.250000000000114 2.611619299720567
20.30000000000011 2.605038449153306
20.35000000000011 2.598443575734999
20.400000000000112 2.591834427877903
20.450000000000113 2.5852107491608076
20.500000000000114 2.5785722781403186
20.550000000000114 2.5719187482151677
20.600000000000115 2.5652498875421017
20.650000000000116 2.5585654189202303
20.700000000000117 2.5518650596633767
20.750000000000114 2.5451485215102143
20.800000000000114 2.5384155105465545
20.850000000000115 2.5316657270659966
20.900000000000116 2.5248988654045874
20.950000000000117 2.518114613831102
21.000000000000117 2.5113126544154714
21.050000000000118 2.5044926628412365
21.10000000000012 2.4976543082896843
21.15000000000012 2.49079725336326
21.20000000000012 2.4839211539376675
21.250000000000117 2.4770256590360784
21.300000000000118 2.4701104107585254
21.35000000000012 2.463175044147737
21.40000000000012 2.4562191870263224
21.45000000000012 2.449242459884793
21.50000000000012 2.4422444757526627
21.55000000000012 2.4352248400371583
21.600000000000122 2.428183150397343
21.650000000000123 2.4211189966379787
21.70000000000012 2.4140319605871743
21.75000000000012 2.4069216159813833
21.80000000000012 2.399787528369399
21.850000000000122 2.3926292550176442
21.900000000000123 2.3854463448120926
21.950000000000124 2.3782383381671326
22.000000000000124 2.3710047669487593
22.050000000000125 2.3637451544076704
22.100000000000126 2.3564590151142544
22.150000000000126 2.3491458549029116
22.200000000000124 2.3418051708400953
22.250000000000124 2.334436451203605
22.300000000000125 2.327039175459097
22.350000000000126 2.3196128142647057
22.400000000000126 2.3121568295137767
22.450000000000127 2.3046706743763736
22.500000000000128 2.2971537933602706
22.55000000000013 2.2896056224327017
22.60000000000013 2.2820255891541428
22.650000000000126 2.2744131128112453
22.700000000000127 2.2667676046109593
22.750000000000128 2.259088467908257
22.80000000000013 2.251375098425442
22.85000000000013 2.2436268845241667
22.90000000000013 2.2358432075405603
22.95000000000013 2.228023442132981
23.00000000000013 2.220166956676536
23.050000000000132 2.2122731137380356
23.10000000000013 2.204341270592182
23.15000000000013 2.1963707797780434
23.20000000000013 2.1883609897296585
23.25000000000013 2.1803112454684883
23.300000000000132 2.1722208893377046
23.350000000000133 2.1640892617971588
23.400000000000134 2.1559157022974094
23.450000000000134 2.147699550218873
23.500000000000135 2.1394401458736674
23.550000000000136 2.131136831595238
23.600000000000133 2.122788952907704
23.650000000000134 2.114395859758933
23.700000000000134 2.1059569078472853
23.750000000000135 2.097471460038356
23.800000000000136 2.088938887833724
23.850000000000136 2.080358572915135
23.900000000000137 2.071729908784421
23.950000000000138 2.063052302476606
24.00000000000014 2.054325176356986
24.050000000000136 2.0455479699940353
24.100000000000136 2.036720142078703
24.150000000000137 2.027841172442141
24.200000000000138 2.0189105641946736
24.25000000000014 2.0099278459036323
24.30000000000014 2.0008925737849896
24.35000000000014 1.9918043339517586
24.40000000000014 1.982662744735115
24.45000000000014 1.9734674590892507
24.50000000000014 1.9642181670378325
24.55000000000014 1.9549145980761355
24.60000000000014 1.945556523568061
24.65000000000014 1.9361437592394561
24.70000000000014 1.9266761677352708
24.750000000000142 1.9171536611484998
24.800000000000143 1.9075762035082502
24.850000000000144 1.8979438132632254
24.900000000000144 1.8882565657834367
24.950000000000145 1.87851459586651
25.000000000000142 1.8687181002180688
25.050000000000143 1.8588673399078126
25.100000000000144 1.848962642823916
25.150000000000144 1.8390044061135389
25.200000000000145 1.8289930985826774
25.250000000000146 1.8189292630935914
25.300000000000146 1.8088135190202532
25.350000000000147 1.7986465647222063
25.400000000000148 1.7884291799769325
25.450000000000145 1.7781622284256586
25.500000000000146 1.7678466600905625
25.550000000000146 1.757483513945358
25.600000000000147 1.7470739205479666
25.650000000000148 1.7366191047636386
25.70000000000015 1.7261203885881449
25.75000000000015 1.7155791940946696
25.80000000000015 1.7049970465000015
25.85000000000015 1.694375577359407
25.900000000000148 1.683716527978599
25.95000000000015 1.6730217530548082
26.00000000000015 1.6622932244819446
26.05000000000015 1.6515330353727438
26.10000000000015 1.640743404364091
26.15000000000015 1.6299266801664116
26.200000000000152 1.619085346370398
26.250000000000153 1.6082220265756497
26.300000000000153 1.5973394898406064
26.350000000000154 1.5864406564394529
26.40000000000015 1.5755286039221998
26.450000000000152 1.5646065734789385
26.500000000000153 1.553677976639245
26.550000000000153 1.542746402295323
26.600000000000154 1.5318156240025298
26.650000000000155 1.520889607576124
26.700000000000156 1.509972518984692
26.750000000000156 1.4990687324552583
26.800000000000157 1.488182838748172
26.850000000000154 1.477319653613936
26.900000000000155 1.466484226375889
26.950000000000156 1.4556818485406513
27.000000000000156 1.4449180623863127
27.050000000000157 1.4341986694759568
27.100000000000158 1.4235297389722867
27.15000000000016 1.4129176156254732
27.20000000000016 1.4023689273514741
27.25000000000016 1.3918905922848748
27.30000000000016 1.381489825140406
27.350000000000158 1.3711741427286799
27.40000000000016 1.360951368470217
27.45000000000016 1.3508296357236769
27.50000000000016 1.3408173897189284
27.55000000000016 1.3309233878720237
27.60000000000016 1.3211566982883227
27.650000000000162 1.3115266962473706
27.700000000000163 1.3020430583945626
27.750000000000163 1.292715754406232
27.80000000000016 1.2835550359421817
27.85000000000016 1.2745714226140348
27.900000000000162 1.2657756847135109
27.950000000000163 1.2571788225524942
28.000000000000163 1.248792042227021
28.050000000000164 1.2406267276045038
28.100000000000165 1.2326944084487053
28.150000000000166 1.2250067246236356
28.200000000000166 1.2175753863207561
28.250000000000163 1.2104121303497166
28.300000000000164 1.2035286726047552
28.350000000000165 1.1969366568820807
28.400000000000166 1.190647600310984
28.450000000000166 1.1846728357257952
28.500000000000167 1.1790234514132798
28.550000000000168 1.1737102287728625
28.60000000000017 1.1687435784538438
28.65000000000017 1.1641334756316468
28.70000000000017 1.1598893952098062
28.750000000000167 1.1560202477316717
28.800000000000168 1.1525343168161744
28.85000000000017 1.1494391990350519
28.90000000000017 1.1467417471269583
28.95000000000017 1.1444480173815015
29.00000000000017 1.1425632220481612
29.05000000000017 1.1410916875829367
29.100000000000172 1.1400368194154835
29.150000000000173 1.1394010738355054
29.20000000000017 1.1391859375209992
29.25000000000017 1.1393919150776497
29.30000000000017 1.140018524793423
29.350000000000172 1.1410643026917255
29.400000000000173 1.1425268148278942
29.450000000000173 1.1444026775947922
29.500000000000174 1.1466875856596754
29.550000000000175 1.1493763470516307
29.600000000000176 1.1524629247970755
29.650000000000173 1.1559404843828438
29.700000000000173 1.15980144625873
29.750000000000174 1.1640375425544829
29.800000000000175 1.1686398771427386
29.850000000000176 1.1735989881426012
29.900000000000176 1.178904911986549
29.950000000000177 1.1845472482284019
30.000000000000178 1.1905152242711703
30.05000000000018 1.1967977592423709
30.10000000000018 1.2033835263786201
30.150000000000176 1.2102610133284768
30.200000000000177 1.2174185798121762
30.250000000000178 1.2248445122370804
30.30000000000018 1.232527074958859
30.35000000000018 1.240454557877611
30.40000000000018 1.2486153201909265
30.45000000000018 1.2569978302447622
30.50000000000018 1.2655907014080068
30.550000000000182 1.2743827239731007
30.60000000000018 1.283362893198697
30.65000000000018 1.2925204336012857
30.70000000000018 1.3018448196272887
30.75000000000018 1.3113257929099205
30.800000000000182 1.3209533763169776
30.850000000000183 1.3307178850013481
30.900000000000183 1.3406099346847344
30.950000000000184 1.3506204474032233
31.000000000000185 1.3607406549653709
31.050000000000182 1.3709621003534311
31.100000000000183 1.381276637266541
31.150000000000183 1.3916764280543414
31.200000000000184 1.4021539402648082
31.250000000000185 1.4127019419512434
31.300000000000185 1.423313495942418
31.350000000000186 1.433981953285723
31.400000000000187 1.4447009459617606
31.450000000000188 1.4554643790112485
31.50000000000019 1.4662664222642403
31.550000000000185 1.4771015017423272
31.600000000000186 1.487964290805394
31.650000000000187 1.4988497012046371
31.700000000000188 1.509752874119553
31.75000000000019 1.5206691711981752
31.80000000000019 1.5315941656940006
31.85000000000019 1.542523633768094
31.90000000000019 1.5534535459656447
31.95000000000019 1.5643800589293722
32.00000000000019 1.5752995074137932
32.05000000000019 1.5862083965774305
32.10000000000019 1.5971033945410287
32.15000000000019 1.6079813252850974
32.200000000000195 1.6188391619468998
32.25000000000019 1.6296740204918951
32.30000000000019 1.6404831537161912
32.35000000000019 1.6512639455776283
32.40000000000019 1.6620139058844727
32.450000000000195 1.6727306653882763
32.50000000000019 1.6834119712915254
32.550000000000196 1.694055683086129
32.60000000000019 1.7046597686412999
32.6500000000002 1.71522230060071
32.700000000000195 1.7257414531976225
32.75000000000019 1.7362154994491437
32.800000000000196 1.7466428085939172
32.85000000000019 1.7570218437446299
32.9000000000002 1.7673511598156313
32.950000000000195 1.7776294017289915
33.0000000000002 1.7878553028680546
33.050000000000196 1.7980276837440887
33.1000000000002 1.808145450807897
33.1500000000002 1.8182075954045351
33.200000000000195 1.8282131929142296
33.2500000000002 1.8381614019936205
33.300000000000196 1.8480514638532313
33.3500000000002 1.857882701670819
33.4000000000002 1.8676545201188917
33.4500000000002 1.8773664048341239
33.5000000000002 1.8870179218140655
33.5500000000002 1.896608716803455
33.6000000000002 1.9061385146295868
33.6500000000002 1.9156071184535637
33.7000000000002 1.9250144089062518
33.7500000000002 1.9343603430434992
33.8000000000002 1.9436449531318976
33.8500000000002 1.9528683452728886
33.900000000000205 1.962030697789667
33.9500000000002 1.97113225937261
34.000000000000206 1.9801733470351377
34.0500000000002 1.9891543438394204
34.1000000000002 1.9980756963241701
34.150000000000205 2.006937911639892
34.2000000000002 2.0157415544364987
34.250000000000206 2.024487243522606
34.3000000000002 2.0331756482756687
34.35000000000021 2.0418074848115926
34.400000000000205 2.0503835119663645
34.45000000000021 2.0589045271002155
34.500000000000206 2.067371361718183
34.55000000000021 2.0757848769558933
34.60000000000021 2.0841459589832
34.650000000000205 2.0924555143539667
34.70000000000021 2.1007144653388847
34.750000000000206 2.1089237452806864
34.80000000000021 2.117084294013336
34.85000000000021 2.125197053394931
34.90000000000021 2.1332629630050235
34.95000000000021 2.1412829560572293
35.00000000000021 2.1492579555602926
35.05000000000021 2.1571888707637044
35.10000000000021 2.1650765939579575
35.15000000000021 2.1729219976693943
35.20000000000021 2.1807259322519057
35.25000000000021 2.1884892239219154
35.30000000000021 2.1962126732800225
35.350000000000215 2.2038970542959255
35.40000000000021 2.2115431137394985
35.450000000000216 2.2191515710690997
35.50000000000021 2.226723118769246
35.55000000000021 2.2342584231140354
35.600000000000215 2.241758125307783
35.65000000000021 2.2492228429374483
35.700000000000216 2.256653171704224
35.75000000000021 2.264049687383361
35.80000000000022 2.2714129478947713
35.850000000000215 2.278743495421367
35.90000000000022 2.2860418585944386
35.950000000000216 2.2933085546696836
36.00000000000021 2.300544091540485
36.05000000000022 2.3077489695645172
36.100000000000215 2.314923683217967
36.15000000000022 2.3220687224471055
36.200000000000216 2.3291845736316428
36.25000000000022 2.3362717202549326
36.30000000000022 2.3433306433164107
36.35000000000022 2.3503618213996114
36.40000000000022 2.35736573041612
36.450000000000216 2.3643428431349607
36.50000000000022 2.371293628501382
36.55000000000022 2.3782185507147573
36.60000000000022 2.385118068164292
36.65000000000022 2.391992632352
36.70000000000022 2.3988426868318844
36.75000000000022 2.4056686661933697
36.800000000000225 2.412470995178228
36.85000000000022 2.4192500879871903
36.900000000000226 2.42600634778788
36.95000000000022 2.432740166430553
37.00000000000022 2.43945192439509
37.050000000000225 2.4461419910329463
37.10000000000022 2.4528107250899014
37.150000000000226 2.459458475403297
37.20000000000022 2.466085581787943
37.25000000000023 2.4726923761214965
37.300000000000225 2.4792791834461014
37.35000000000023 2.4858463230189964
37.400000000000226 2.492394109391911
37.45000000000022 2.4989228534022017
37.50000000000023 2.5054328629609937
37.550000000000225 2.511924443715027
37.60000000000023 2.518397899543818
37.650000000000226 2.524853532785044
37.70000000000023 2.531291644232859
37.75000000000023 2.5377125329388477
37.80000000000023 2.544116495797378
37.85000000000023 2.550503826969565
37.900000000000226 2.55687481720181
37.95000000000023 2.563229753083477
38.00000000000023 2.569568916298242
38.05000000000023 2.5758925829022954
38.10000000000023 2.5822010226910663
38.15000000000023 2.5884944987078855
38.20000000000023 2.5947732668975023
38.250000000000234 2.6010375759514894
38.30000000000023 2.607287667378106
38.35000000000023 2.613523775743511
38.40000000000023 2.619746129072228
38.45000000000023 2.625954949413569
38.500000000000234 2.6321504534982303
38.55000000000023 2.6383328534261703
38.600000000000236 2.6445023573895075
38.65000000000023 2.6506591703943805
38.70000000000024 2.6568034948969084
38.750000000000234 2.6629355313232743
38.80000000000023 2.669055478493729
38.850000000000236 2.6751635338881323
38.90000000000023 2.681259893688723
38.95000000000024 2.6873447526845045
39.000000000000234 2.693418304071904
39.05000000000024 2.6994807390847684
39.100000000000236 2.705532246549426
39.15000000000024 2.711573012474615
39.20000000000024 2.717603219612129
39.250000000000234 2.723623047023464
39.30000000000024 2.729632669764232
39.350000000000236 2.7356322586520263
39.40000000000024 2.7416219801172743
39.45000000000024 2.747601996205332
39.50000000000024 2.7535724647068203
39.55000000000024 2.759533539396087
39.60000000000024 2.7654853703708757
39.65000000000024 2.7714281044526663
39.700000000000244 2.777361885647504
39.75000000000024 2.7832868556003545
39.80000000000024 2.789203153944809
39.85000000000024 2.7951109186216567
39.90000000000024 2.801010286188749
39.950000000000244 2.8069013919961407
40.00000000000024 2.8127843702546595
40.050000000000246 2.818659354046333
40.10000000000024 2.824526475189298
40.15000000000025 2.8303858640451427
40.200000000000244 2.836237649384522
40.25000000000024 2.8420819581414634
40.300000000000246 2.8479189150182496
40.35000000000024 2.853748642201055
40.40000000000025 2.859571259255698
40.450000000000244 2.8653868830748106
40.50000000000025 2.8711956278517863
40.550000000000246 2.876997605069621
40.60000000000025 2.8827929235262033
40.65000000000025 2.8885816895445693
40.700000000000244 2.8943640073291337
40.75000000000025 2.9001399792029963
40.800000000000246 2.9059097056945964
40.85000000000025 2.911673285694239
40.90000000000025 2.9174308167480003
40.95000000000025 2.9231823953361826
41.00000000000025 2.928928117000641
41.05000000000025 2.9346680763524673
41.10000000000025 2.9404023670653254
41.15000000000025 2.9461310818509947
41.20000000000025 2.951854312367311
41.25000000000025 2.9575721490914355
41.30000000000025 2.9632846811861944
41.35000000000025 2.968991996355244
41.400000000000254 2.9746941806977736
41.45000000000025 2.9803913185510797
41.500000000000256 2.9860834923841626
41.55000000000025 2.9917707828615794
41.60000000000025 2.997453268965793
41.650000000000254 3.0031310279881365
41.70000000000025 3.0088041355191013
41.750000000000256 3.0144726656253127
41.80000000000025 3.020136691089289
41.85000000000026 3.0257962835737566
41.900000000000254 3.0314515137888924
41.95000000000026 3.037102451675351
42.000000000000256 3.042749166482009
42.05000000000026 3.0483917267453267
42.10000000000026 3.0540302002593216
42.150000000000254 3.059664654032769
42.20000000000026 3.0652951542386897
42.250000000000256 3.0709217661423356
42.30000000000026 3.07654455391843
42.35000000000026 3.0821635804715046
42.40000000000026 3.0877789074426567
42.45000000000026 3.093390595243176
42.50000000000026 3.0989987030022474
42.55000000000026 3.1046032886296517
42.60000000000026 3.1102044089539196
42.65000000000026 3.115802119728958
42.70000000000026 3.121396475629184
42.75000000000026 3.126987530367821
42.80000000000026 3.1325753368480624
42.850000000000264 3.1381599472814403
42.90000000000026 3.1437414132433386
42.950000000000266 3.14931978568669
43.00000000000026 3.1548951149776197
43.05000000000026 3.1604674508798976
43.100000000000264 3.166036842478924
43.15000000000026 3.1716033381801685
43.200000000000266 3.1771669857297815
43.25000000000026 3.18272783215597
43.30000000000027 3.1882859236926535
43.350000000000264 3.1938413057167265
43.40000000000027 3.199394022737059
43.450000000000266 3.204944118451592
43.50000000000026 3.210491635749512
43.55000000000027 3.216036616713537
43.600000000000264 3.221579102729613
43.65000000000027 3.2271191344975323
43.700000000000266 3.2326567519299716
43.75000000000027 3.2381919942172845
43.80000000000027 3.243724899960233
43.85000000000027 3.249255507181157
43.90000000000027 3.2547838533745876
43.950000000000266 3.260309975620729
44.00000000000027 3.265833910595219
44.05000000000027 3.2713556945225855
44.10000000000027 3.276875363160642
44.15000000000027 3.2823929517914165
44.20000000000027 3.287908495216776
44.25000000000027 3.2934220277353004
44.300000000000274 3.298933583081306
44.35000000000027 3.3044431943822343
44.40000000000027 3.309950894133084
44.45000000000027 3.315456714138178
44.50000000000027 3.3209606854771496
44.550000000000274 3.3264628385650505
44.60000000000027 3.3319632032232342
44.650000000000276 3.3374618086762964
44.70000000000027 3.3429586835694853
44.75000000000028 3.3484538560568264
44.800000000000274 3.353947353838119
44.85000000000028 3.3594392041633268
44.900000000000276 3.364929433941045
44.95000000000027 3.370418069863251
45.00000000000028 3.3759051384215275
45.050000000000274 3.3813906658996156
45.10000000000028 3.3868746783807735
45.150000000000276 3.3923572016871555
45.20000000000028 3.39783826126638
45.25000000000028 3.4033178821121766
45.30000000000028 3.4087960887302122
45.35000000000028 3.4142729050929224
45.400000000000276 3.4197483545773757
45.45000000000028 3.425222459951857
45.50000000000028 3.4306952434026527
45.55000000000028 3.436166726544686
45.60000000000028 3.441636930464381
45.65000000000028 3.4471058758272792
45.70000000000028 3.4525735829850066
45.750000000000284 3.4580400720598106
45.80000000000028 3.4635053630109045
45.85000000000028 3.468969475672768
45.90000000000028 3.4744324297807334
45.95000000000028 3.4798942449561063
46.000000000000284 3.48535494065472
46.05000000000028 3.4908145361620164
46.100000000000286 3.4962730505769244
46.15000000000028 3.5017305027082872
46.20000000000029 3.5071869110089002
46.250000000000284 3.512642293557256
46.30000000000028 3.518096667962557
46.350000000000286 3.523550051301015
46.40000000000028 3.529002460175532
46.45000000000029 3.5344539107565365
46.500000000000284 3.5399044188040003
46.55000000000029 3.5453539997707644
46.600000000000286 3.550802668892697
46.65000000000029 3.556250441210327
46.70000000000029 3.5616973316050395
46.750000000000284 3.5671433548380573
46.80000000000029 3.5725885255517507
46.850000000000286 3.578032858264159
46.90000000000029 3.583476367358232
46.95000000000029 3.5889190670599618
47.00000000000029 3.594360971412038
47.05000000000029 3.599802094225133
47.10000000000029 3.605242449035879
47.15000000000029 3.6106820491053884
47.200000000000294 3.616120907413807
47.25000000000029 3.6215590366501775
47.30000000000029 3.6269964492431384
47.35000000000029 3.6324331573892237
47.40000000000029 3.6378691730431774
47.450000000000294 3.6433045079219277
47.50000000000029 3.64873917352625
47.550000000000296 3.6541731811362492
47.60000000000029 3.659606541803323
47.6500000000003 3.665039266381325
47.700000000000294 3.670471365569249
47.75000000000029 3.675902849915599
47.800000000000296 3.68133372980535
47.85000000000029 3.6867640154711636
47.9000000000003 3.69219371699771
47.950000000000294 3.697622844306903
48.0000000000003 3.7030514071734952
48.050000000000296 3.7084794152391645
48.1000000000003 3.713906877986954
48.1500000000003 3.7193338047621225
48.200000000000294 3.7247602048381867
48.2500000000003 3.7301860874025947
48.300000000000296 3.735611461484806
48.3500000000003 3.7410363359297065
48.4000000000003 3.746460719401817
48.4500000000003 3.751884620391668
48.5000000000003 3.7573080472149365
48.5500000000003 3.762731007968574
48.6000000000003 3.7681535104904667
48.6500000000003 3.773575562401981
48.7000000000003 3.7789971711844355
48.7500000000003 3.7844183442000747
48.8000000000003 3.7898390886641984
48.8500000000003 3.7952594116427294
48.900000000000304 3.8006793201247597
48.9500000000003 3.8060988211118567
49.000000000000306 3.811517921626094
49.0500000000003 3.8169366286622464
49.1000000000003 3.8223549491682376
49.150000000000304 3.8277728900384074
49.2000000000003 3.8331904580817704
49.250000000000306 3.8386076599915486
49.3000000000003 3.844024502319169
49.35000000000031 3.8494409914368157
49.400000000000304 3.854857133518849
49.45000000000031 3.860272934539623
49.500000000000306 3.8656884002587693
49.5500000000003 3.8711035362412507
49.60000000000031 3.8765183479141037
49.650000000000304 3.881932840563788
49.70000000000031 3.887347019309181
49.750000000000306 3.8927608891638488
49.80000000000031 3.8981744551277244
49.85000000000031 3.9035877222191644
49.90000000000031 3.9090006954890377
49.95000000000031 3.91441338003325
50.00000000000031 3.919825780978219
50.05000000000031 3.925237903457458
50.10000000000031 3.930649752582194
50.15000000000031 3.9360613334046937
50.20000000000031 3.941472650893425
50.25000000000031 3.946883709899519
50.30000000000031 3.952294515103886
50.350000000000314 3.957705070986772
50.40000000000031 3.963115381839176
50.450000000000315 3.9685254517934307
50.50000000000031 3.9739352848378253
50.55000000000031 3.9793448848141613
50.600000000000314 3.984754255446091
50.65000000000031 3.990163400390663
50.700000000000315 3.995572323260412
50.75000000000031 4.000981027645444
50.80000000000032 4.0063895171616615
50.850000000000314 4.011797795465869
50.90000000000032 4.017205866222505
50.950000000000315 4.022613733070789
51.00000000000031 4.028021399612524
51.05000000000032 4.033428869407119
51.100000000000314 4.038836145952867
51.15000000000032 4.044243232664353
51.200000000000315 4.049650132869458
51.25000000000032 4.0550568498010024
51.30000000000032 4.060463386577469
51.35000000000032 4.065869746211231
51.40000000000032 4.071275931631967
51.450000000000315 4.076681945706708
51.50000000000032 4.082087791265039
51.55000000000032 4.087493471104549
51.60000000000032 4.092898987992181
51.65000000000032 4.098304344699154
51.70000000000032 4.103709544013375
51.75000000000032 4.109114588716196
51.800000000000324 4.114519481589892
51.85000000000032 4.119924225414098
51.90000000000032 4.125328822905444
51.95000000000032 4.130733276679179
52.00000000000032 4.136137589252184
52.050000000000324 4.141541763033242
52.10000000000032 4.146945800317456
52.150000000000325 4.152349703305006
52.20000000000032 4.157753474118698
52.25000000000033 4.163157114815484
52.300000000000324 4.168560627398187
52.35000000000033 4.1739640138324825
52.400000000000325 4.179367276077152
52.45000000000032 4.184770416109079
52.50000000000033 4.190173435927991
52.550000000000324 4.195576337557636
52.60000000000033 4.200979123046705
52.650000000000325 4.206381794456325
52.70000000000033 4.211784353840703
52.75000000000033 4.217186803235967
52.80000000000033 4.222589144654794
52.85000000000033 4.2279913800721545
52.900000000000325 4.233393511401499
52.95000000000033 4.238795540480823
53.00000000000033 4.2441974690750905
53.05000000000033 4.249599298878651
53.10000000000033 4.255001031517954
53.15000000000033 4.260402668573104
53.20000000000033 4.265804211604127
53.250000000000334 4.271205662151523
53.30000000000033 4.276607021730561
53.35000000000033 4.282008291846204
53.40000000000033 4.287409473999929
53.45000000000033 4.292810569678818
53.500000000000334 4.298211580363102
53.55000000000033 4.303612507539255
53.600000000000335 4.309013352684877
53.65000000000033 4.314414117250177
53.70000000000034 4.31981480265326
53.750000000000334 4.325215410269068
53.80000000000033 4.330615941418614
53.850000000000335 4.3360163973723065
53.90000000000033 4.341416779356862
53.95000000000034 4.346817088562815
54.000000000000334 4.352217326152793
54.05000000000034 4.35761749326577
54.100000000000335 4.363017591025665
54.15000000000034 4.368417620555316
54.20000000000034 4.373817582981365
54.250000000000334 4.379217479433693
54.30000000000034 4.3846173110499835
54.350000000000335 4.390017078972328
54.40000000000034 4.395416784328433
54.45000000000034 4.400816428220252
54.50000000000034 4.406216011727067
54.55000000000034 4.411615535900655
54.60000000000034 4.417015001758141
54.65000000000034 4.4224144102928715
54.70000000000034 4.427813762481278
54.75000000000034 4.433213059271319
54.80000000000034 4.4386123015807595
54.85000000000034 4.444011490306265
54.90000000000034 4.449410626321989
54.950000000000344 4.454809710480721
55.00000000000034 4.460208743626947
55.050000000000345 4.465607726604546
55.10000000000034 4.471006660255422
55.15000000000035 4.47640554541683
55.200000000000344 4.481804382918983
55.25000000000034 4.487203173581113
55.300000000000345 4.492601918203002
55.35000000000034 4.49800061756017
55.40000000000035 4.50339927240825
55.450000000000344 4.50879788348132
55.50000000000035 4.514196451484447
55.550000000000345 4.519594977096489
55.60000000000035 4.524993460974932
55.65000000000035 4.530391903757268
55.700000000000344 4.535790306070274
55.75000000000035 4.541188668539925
55.800000000000345 4.546586991795355
55.85000000000035 4.5519852764752935
55.90000000000035 4.557383523232151
55.95000000000035 4.5627817327302065
56.00000000000035 4.568179905641646
56.05000000000035 4.573578042635002
56.10000000000035 4.578976144367865
56.15000000000035 4.584374211494307
56.20000000000035 4.589772244659525
56.25000000000035 4.59517024447784
56.30000000000035 4.600568211524972
56.35000000000035 4.605966146338889
56.400000000000354 4.611364049416838
56.45000000000035 4.6167619212229605
56.500000000000355 4.622159762195136
56.55000000000035 4.627557572741405
56.60000000000035 4.632955353256147
56.650000000000354 4.638353104152554
56.70000000000035 4.643750825871394
56.750000000000355 4.6491485188692465
56.80000000000035 4.65454618361397
56.85000000000036 4.659943820590094
56.900000000000354 4.665341430304475
56.95000000000036 4.670739013282464
57.000000000000355 4.676136570051883
57.05000000000035 4.681534101127892
57.10000000000036 4.6869316070082965
57.150000000000354 4.692329088173253
57.20000000000036 4.697726545080388
57.250000000000355 4.703123978154909
57.30000000000036 4.708521387785212
57.35000000000036 4.713918774329296
57.40000000000036 4.71931613812213
57.45000000000036 4.724713479480225
57.50000000000036 4.730110798710827
57.55000000000036 4.735508096123569
57.60000000000036 4.740905372034757
57.65000000000036 4.746302626765216
57.70000000000036 4.751699860643933
57.75000000000036 4.7570970740204315
57.80000000000036 4.762494267269076
57.850000000000364 4.767891440777306
57.90000000000036 4.773288594932681
57.950000000000365 4.778685730115298
58.00000000000036 4.784082846689111
58.05000000000036 4.789479944994381
58.100000000000364 4.794877025342762
58.15000000000036 4.800274088012523
58.200000000000365 4.805671133249299
58.25000000000036 4.811068161272601
58.30000000000037 4.816465172281313
58.350000000000364 4.821862166461967
58.40000000000037 4.827259144003206
58.450000000000365 4.832656105105701
58.50000000000036 4.838053049981522
58.55000000000037 4.843449978855039
58.600000000000364 4.848846891973649
58.65000000000037 4.85424378961448
58.700000000000365 4.859640672077731
58.75000000000037 4.865037539679778
58.80000000000037 4.870434392748378
58.85000000000037 4.8758312316084655
58.90000000000037 4.881228056567192
58.950000000000365 4.886624867908882
59.00000000000037 4.89202166589153
59.05000000000037 4.8974184507433085
59.10000000000037 4.9028152226624835
59.15000000000037 4.908211981816776
59.20000000000037 4.913608728347891
59.25000000000037 4.919005462384474
59.300000000000374 4.924402184051542
59.35000000000037 4.929798893476366
59.40000000000037 4.935195590798241
59.45000000000037 4.940592276174945
59.50000000000037 4.945988949782499
59.550000000000374 4.951385611815082
59.60000000000037 4.956782262485469
59.650000000000375 4.962178902023002
59.70000000000037 4.967575530666798
59.75000000000038 4.972972148653824
59.800000000000374 4.978368756210291
59.85000000000037 4.983765353549444
59.900000000000375 4.989161940867009
59.95000000000037 4.994558518337187
60.00000000000038 4.999955086117452
60.050000000000374 5.005351644352377
60.050000000000374 5.005351644352377
