Time(fs) Position(Å)
0.0 5.0
0.05000000000000001 4.995624271867808
0.10000000000000002 4.991248533924669
0.15000000000000002 4.986872786072482
0.20000000000000004 4.98249702818722
0.25 4.9781212601317675
0.3 4.973745481767529
0.35 4.96936969295009
0.39999999999999997 4.964993893532975
0.44999999999999996 4.9606180833706155
0.49999999999999994 4.956242262315428
0.5499999999999999 4.9518664302203845
0.6 4.947490586939497
0.6499999999999999 4.943114732325456
0.7 4.93873886623141
0.7499999999999999 4.9343629885101326
0.7999999999999999 4.929987099012209
0.85 4.925611197587328
0.8999999999999999 4.92123528408293
0.95 4.91685935834313
0.9999999999999999 4.912483420209855
1.0499999999999998 4.908107469521522
1.0999999999999999 4.903731506112805
1.15 4.899355529815759
1.2 4.894979540458754
1.2499999999999998 4.890603537866957
1.2999999999999998 4.886227521863318
1.3499999999999999 4.881851492267711
1.4 4.877475448897793
1.4499999999999997 4.873099391569601
1.4999999999999998 4.868723320096736
1.55 4.864347234291253
1.5999999999999999 4.859971133963688
1.65 4.855595018922231
1.7 4.851218888973435
1.75 4.846842743921749
1.7999999999999998 4.842466583568745
1.8499999999999999 4.838090407713713
1.9 4.83371421615289
1.95 4.829338008678989
1.9999999999999998 4.824961785081758
2.05 4.820585545147207
2.0999999999999996 4.816209288657554
2.15 4.811833015391831
2.1999999999999997 4.807456725125221
2.25 4.803080417629422
2.3 4.79870409267318
2.3499999999999996 4.794327750021727
2.4 4.78995138943737
2.4499999999999997 4.785575010679768
2.4999999999999996 4.781198613505386
2.55 4.776822197668069
2.5999999999999996 4.772445762918962
2.6499999999999995 4.768069309005914
2.6999999999999997 4.763692835673955
2.7499999999999996 4.759316342664859
2.8 4.754939829716607
2.8499999999999996 4.750563296563788
2.8999999999999995 4.746186742936975
2.9499999999999997 4.741810168562408
2.9999999999999996 4.737433573162404
3.0499999999999994 4.73305695645473
3.1 4.728680318152628
3.1500000000000004 4.724303657965245
3.2000000000000006 4.7199269755971045
3.250000000000001 4.715550270748435
3.300000000000001 4.711173543115532
3.3500000000000014 4.706796792390288
3.4000000000000017 4.702420018260679
3.4500000000000024 4.6980432204108995
3.5000000000000027 4.693666398520883
3.550000000000003 4.689289552266765
3.600000000000003 4.684912681320705
3.6500000000000035 4.680535785350381
3.7000000000000037 4.6761588640193565
3.750000000000004 4.671781916986623
3.8000000000000047 4.667404943906167
3.850000000000005 4.663027944427275
3.9000000000000052 4.65865091819395
3.9500000000000055 4.654273864844687
4.000000000000006 4.6498967840127925
4.050000000000006 4.645519675325821
4.100000000000007 4.641142538405649
4.150000000000007 4.636765372868808
4.200000000000007 4.632388178326007
4.250000000000007 4.62801095438245
4.300000000000008 4.623633700638092
4.3500000000000085 4.619256416687202
4.400000000000008 4.614879102118785
4.450000000000009 4.610501756516616
4.500000000000009 4.606124379458786
4.55000000000001 4.6017469705180805
4.600000000000009 4.597369529261728
4.65000000000001 4.592992055250923
4.700000000000011 4.588614548041125
4.750000000000011 4.584237007181562
4.800000000000011 4.579859432214847
4.850000000000011 4.57548182267723
4.900000000000012 4.571104178098007
4.950000000000012 4.566726497999356
5.000000000000012 4.5623487818966
5.050000000000013 4.557971029297663
5.100000000000013 4.553593239703177
5.150000000000014 4.549215412606742
5.2000000000000135 4.544837547494466
5.250000000000014 4.5404596438452804
5.300000000000015 4.536081701131099
5.350000000000015 4.531703718816386
5.4000000000000155 4.527325696358536
5.450000000000015 4.522947633207808
5.500000000000016 4.518569528806863
5.550000000000016 4.514191382591091
5.6000000000000165 4.509813193988268
5.650000000000017 4.505434962418092
5.700000000000017 4.501056687292419
5.750000000000018 4.496678368014717
5.800000000000018 4.492300003979709
5.850000000000018 4.487921594573579
5.900000000000018 4.483543139173358
5.950000000000019 4.479164637146799
6.0000000000000195 4.474786087852592
6.050000000000019 4.47040749063981
6.10000000000002 4.466028844848046
6.15000000000002 4.461650149807609
6.200000000000021 4.4572714048390445
6.25000000000002 4.452892609253455
6.300000000000021 4.4485137623525635
6.350000000000022 4.444134863428253
6.400000000000022 4.439755911762925
6.450000000000022 4.435376906629309
6.500000000000022 4.430997847289994
6.550000000000023 4.426618732997691
6.600000000000023 4.422239562994791
6.6500000000000234 4.4178603365128986
6.700000000000024 4.413481052773015
6.750000000000024 4.4091017109849195
6.800000000000025 4.4047223103468305
6.8500000000000245 4.400342850045558
6.900000000000025 4.395963329255855
6.950000000000025 4.391583747140318
7.000000000000026 4.387204102849553
7.0500000000000265 4.382824395521599
7.100000000000026 4.378444624282076
7.150000000000027 4.374064788244295
7.200000000000027 4.369684886508752
7.2500000000000275 4.365304918163457
7.300000000000027 4.360924882283959
7.350000000000028 4.35654477793279
7.400000000000029 4.352164604159588
7.450000000000029 4.347784360000776
7.500000000000029 4.343404044479451
7.550000000000029 4.339023656606048
7.60000000000003 4.334643195377218
7.65000000000003 4.330262659773874
7.70000000000003 4.3258820487612315
7.750000000000031 4.3215013612911175
7.800000000000031 4.317120596304283
7.850000000000032 4.312739752726826
7.900000000000031 4.3083588294616
7.950000000000032 4.3039778253886
8.000000000000032 4.29959673937902
8.050000000000033 4.295215570304333
8.100000000000033 4.290834317021316
8.150000000000034 4.286452978346583
8.200000000000033 4.282071553060251
8.250000000000034 4.277690039944182
8.300000000000034 4.273308437801044
8.350000000000035 4.268926745419292
8.400000000000036 4.26454496153074
8.450000000000035 4.260163084822283
8.500000000000036 4.255781113982888
8.550000000000036 4.251399047716408
8.600000000000037 4.2470168847113765
8.650000000000036 4.2426346236237915
8.700000000000037 4.238252263086315
8.750000000000037 4.233869801704978
8.800000000000038 4.2294872380478346
8.850000000000039 4.225104570663843
8.900000000000038 4.220721798112179
8.950000000000038 4.21633891895078
9.000000000000039 4.211955931700761
9.05000000000004 4.207572834842017
9.10000000000004 4.203189626830231
9.15000000000004 4.198806306093434
9.20000000000004 4.194422871029463
9.25000000000004 4.190039320031787
9.300000000000042 4.185655651499916
9.35000000000004 4.18127186380998
9.400000000000041 4.176887955296501
9.450000000000042 4.172503924264052
9.500000000000043 4.168119768986796
9.550000000000043 4.163735487698454
9.600000000000042 4.159351078611478
9.650000000000043 4.15496653994067
9.700000000000044 4.150581869888534
9.750000000000044 4.146197066625439
9.800000000000045 4.141812128296027
9.850000000000044 4.137427053013566
9.900000000000045 4.133041838838556
9.950000000000045 4.128656483790568
10.000000000000046 4.12427098587518
10.050000000000045 4.119885343079529
10.100000000000046 4.115499553366234
10.150000000000047 4.111113614687632
10.200000000000047 4.106727524977213
10.250000000000048 4.102341282121384
10.300000000000047 4.097954883960647
10.350000000000048 4.093568328302399
10.400000000000048 4.089181612911548
10.450000000000049 4.084794735514087
10.50000000000005 4.080407693823481
10.550000000000049 4.0760204855398765
10.60000000000005 4.071633108331787
10.65000000000005 4.067245559841974
10.70000000000005 4.062857837685063
10.75000000000005 4.05846993942087
10.80000000000005 4.054081862554741
10.850000000000051 4.04969360455604
10.900000000000052 4.0453051628515535
10.950000000000053 4.040916534827015
11.000000000000052 4.036527717851611
11.050000000000052 4.032138709275493
11.100000000000053 4.027749506411549
11.150000000000054 4.023360106541305
11.200000000000054 4.018970506911459
11.250000000000053 4.01458070470945
11.300000000000054 4.010190697065897
11.350000000000055 4.005800481070085
11.400000000000055 4.001410053761727
11.450000000000054 3.9970194121349625
11.500000000000055 3.9926285531618864
11.550000000000056 3.9882374737871435
11.600000000000056 3.983846170914026
11.650000000000057 3.979454641414405
11.700000000000056 3.9750628821198415
11.750000000000057 3.9706708897967564
11.800000000000058 3.9662786611534355
11.850000000000058 3.961886192846658
11.900000000000059 3.957493481467504
11.950000000000058 3.9531005235540397
12.000000000000059 3.9487073156118737
12.05000000000006 3.944313854103748
12.10000000000006 3.939920135450274
12.150000000000059 3.9355261560436405
12.20000000000006 3.931131912229733
12.25000000000006 3.9267374002923914
12.300000000000061 3.9223426164624495
12.350000000000062 3.9179475569068956
12.40000000000006 3.9135522177151345
12.45000000000006 3.909156594916733
12.50000000000006 3.9047606844878118
12.550000000000061 3.900364482342162
12.600000000000062 3.895967984348074
12.650000000000063 3.8915711863373916
12.700000000000061 3.88717408408728
12.750000000000062 3.8827766733216276
12.800000000000063 3.878378949714899
12.850000000000064 3.873980908867856
12.900000000000064 3.8695825463024613
12.950000000000063 3.865183857473507
13.000000000000064 3.8607848377549754
13.050000000000065 3.8563854824404746
13.100000000000065 3.851985786766477
13.150000000000064 3.8475857459077596
13.200000000000065 3.84318535497426
13.250000000000066 3.838784609030474
13.300000000000066 3.8343835030860767
13.350000000000067 3.829982032078817
13.400000000000066 3.8255801908838545
13.450000000000067 3.821177974302263
13.500000000000068 3.8167753770400146
13.550000000000068 3.812372393719447
13.600000000000069 3.8079690188795756
13.650000000000068 3.8035652469631644
13.700000000000069 3.7991610723349654
13.75000000000007 3.7947564892921437
13.80000000000007 3.790351492052488
13.850000000000069 3.785946074766787
13.90000000000007 3.7815402315256765
13.95000000000007 3.777133956338596
14.000000000000071 3.772727243133689
14.050000000000072 3.768320085760591
14.10000000000007 3.763912477966932
14.150000000000071 3.759504413396435
14.200000000000072 3.755095885599787
14.250000000000073 3.7506868880206374
14.300000000000074 3.7462774139995285
14.350000000000072 3.741867456794236
14.400000000000073 3.7374570095714574
14.450000000000074 3.7330460654076796
14.500000000000075 3.728634617306607
14.550000000000074 3.7242226581849205
14.600000000000074 3.719810180861295
14.650000000000075 3.715397178066256
14.700000000000076 3.7109836424236566
14.750000000000076 3.7065695664351193
14.800000000000075 3.7021549424925198
14.850000000000076 3.697739762867125
14.900000000000077 3.6933240197003268
14.950000000000077 3.6889077050252768
15.000000000000078 3.684490810765413
15.050000000000077 3.6800733287279734
15.100000000000078 3.675655250625709
15.150000000000079 3.671236568073357
15.20000000000008 3.666817272573258
15.250000000000078 3.6623973555285043
15.300000000000079 3.6579768082321067
15.35000000000008 3.6535556218432914
15.40000000000008 3.6491337873957357
15.450000000000081 3.6447112957909997
15.50000000000008 3.6402881377816145
15.55000000000008 3.635864303984148
15.600000000000081 3.6314397848752997
15.650000000000082 3.627014570779254
15.700000000000083 3.622588651896241
15.750000000000082 3.6181620183165886
15.800000000000082 3.6137346599994946
15.850000000000083 3.609306566767217
15.900000000000084 3.6048777283024047
15.950000000000083 3.6004481341556334
16.000000000000085 3.5960177737758494
16.050000000000086 3.591586636479836
16.100000000000083 3.587154711373153
16.150000000000084 3.582721987354346
16.200000000000085 3.578288453189584
16.250000000000085 3.5738540975468482
16.300000000000086 3.569418908949585
16.350000000000087 3.5649828756836865
16.400000000000087 3.5605459857900366
16.450000000000088 3.556108227199225
16.50000000000009 3.551669587807126
16.550000000000086 3.547230055371267
16.600000000000087 3.5427896174051656
16.650000000000087 3.5383482611977843
16.700000000000088 3.533905973887865
16.75000000000009 3.5294627424956104
16.80000000000009 3.525018553874318
16.85000000000009 3.5205733946627014
16.90000000000009 3.516127251303967
16.95000000000009 3.5116801100300448
17.000000000000092 3.5072319568089148
17.05000000000009 3.5027827774037164
17.10000000000009 3.498332557471672
17.15000000000009 3.4938812825343324
17.20000000000009 3.4894289378895906
17.250000000000092 3.484975508588885
17.300000000000093 3.4805209794737353
17.350000000000094 3.476065335210206
17.400000000000095 3.4716085602729003
17.450000000000095 3.467150638936001
17.500000000000092 3.462691555307165
17.550000000000093 3.4582312932784904
17.600000000000094 3.453769836420443
17.650000000000095 3.4493071680102863
17.700000000000095 3.444843271123386
17.750000000000096 3.4403781286266724
17.800000000000097 3.4359117231586565
17.850000000000097 3.431444037155245
17.900000000000098 3.4269750528389964
17.950000000000095 3.4225047521651093
18.000000000000096 3.418033116793062
18.050000000000097 3.4135601281329753
18.100000000000097 3.409085767409598
18.150000000000098 3.4046100156331045
18.2000000000001 3.4001328535507116
18.2500000000001 3.3956542616716816
18.3000000000001 3.3911742202332893
18.3500000000001 3.3866927091077574
18.4000000000001 3.382209707834556
18.4500000000001 3.3777251957035017
18.5000000000001 3.373239151740681
18.5500000000001 3.3687515546948426
18.6000000000001 3.364262383070372
18.6500000000001 3.3597716151093544
18.700000000000102 3.35527922872977
18.750000000000103 3.3507852015050084
18.800000000000104 3.3462895107063564
18.850000000000104 3.341792133335789
18.9000000000001 3.3372930460996684
18.950000000000102 3.332792225411514
19.000000000000103 3.32828964742475
19.050000000000104 3.3237852879629304
19.100000000000104 3.319279122437428
19.150000000000105 3.3147711258901147
19.200000000000106 3.310261273014909
19.250000000000107 3.305749538116313
19.300000000000107 3.3012358951619776
19.350000000000104 3.2967203178486875
19.400000000000105 3.2922027795540574
19.450000000000106 3.2876832532927125
19.500000000000107 3.2831617117282166
19.550000000000107 3.2786381271506566
19.600000000000108 3.274112471436354
19.65000000000011 3.2695847160612166
19.70000000000011 3.265054832149587
19.75000000000011 3.260522790478134
19.80000000000011 3.255988561433991
19.850000000000108 3.251452115017454
19.90000000000011 3.2469134208435158
19.95000000000011 3.242372448059421
20.00000000000011 3.237829165318778
20.05000000000011 3.233283540850545
20.10000000000011 3.228735542449535
20.150000000000112 3.2241851374574324
20.200000000000113 3.21963229284583
20.250000000000114 3.2150769752244153
20.30000000000011 3.2105191507604944
20.35000000000011 3.2059587851803033
20.400000000000112 3.2013958437696073
20.450000000000113 3.1968302913011386
20.500000000000114 3.1922620920224225
20.550000000000114 3.1876912097010623
20.600000000000115 3.1831176076261696
20.650000000000116 3.178541248593081
20.700000000000117 3.173962094918154
20.750000000000114 3.1693801084456767
20.800000000000114 3.1647952504987527
20.850000000000115 3.160207481831987
20.900000000000116 3.155616762653821
20.950000000000117 3.1510230526257943
21.000000000000117 3.146426310823589
21.050000000000118 3.1418264957916144
21.10000000000012 3.137223565596496
21.15000000000012 3.1326174777695903
21.20000000000012 3.1280081893039404
21.250000000000117 3.123395656685356
21.300000000000118 3.118779835800981
21.35000000000012 3.114160681881417
21.40000000000012 3.1095381495405547
21.45000000000012 3.1049121927392114
21.50000000000012 3.100282764750297
21.55000000000012 3.0956498182255094
21.600000000000122 3.0910133052130555
21.650000000000123 3.0863731771205205
21.70000000000012 3.081729384730793
21.75000000000012 3.0770818782049583
21.80000000000012 3.072430607027996
21.850000000000122 3.067775519975764
21.900000000000123 3.063116565124021
21.950000000000124 3.05845368984287
22.000000000000124 3.053786840771853
22.050000000000125 3.04911596384196
22.100000000000126 3.044441004310148
22.150000000000126 3.039761906717825
22.200000000000124 3.035078614861405
22.250000000000124 3.0303910718128
22.300000000000125 3.025699219856073
22.350000000000126 3.0210030004175943
22.400000000000126 3.0163023541020246
22.450000000000127 3.011597220676705
22.500000000000128 3.0068875390214673
22.55000000000013 3.0021732471951563
22.60000000000013 2.997454282466869
22.650000000000126 2.9927305812605263
22.700000000000127 2.9880020791832393
22.750000000000128 2.983268711039783
22.80000000000013 2.978530410743439
22.85000000000013 2.9737871112891363
22.90000000000013 2.9690387447618143
22.95000000000013 2.9642852422705337
23.00000000000013 2.9595265339234285
23.050000000000132 2.9547625488628735
23.10000000000013 2.9499932152503923
23.15000000000013 2.9452184602453824
23.20000000000013 2.940438210028251
23.25000000000013 2.9356523897945914
23.300000000000132 2.930860923703997
23.350000000000133 2.9260637348518888
23.400000000000134 2.921260745264648
23.450000000000134 2.9164518758617017
23.500000000000135 2.911637046422286
23.550000000000136 2.906816175602373
23.600000000000133 2.901989180919968
23.650000000000134 2.8971559787219356
23.700000000000134 2.8923164842339366
23.750000000000135 2.887470611576021
23.800000000000136 2.882618273664908
23.850000000000136 2.8777593821681853
23.900000000000137 2.8728938475084242
23.950000000000138 2.8680215788228267
24.00000000000014 2.8631424839593227
24.050000000000136 2.858256469438319
24.100000000000136 2.8533634403067527
24.150000000000137 2.8484633001416353
24.200000000000138 2.8435559512241197
24.25000000000014 2.838641294561576
24.30000000000014 2.833719229749563
24.35000000000014 2.8287896548648592
24.40000000000014 2.823852466449244
24.45000000000014 2.818907559626418
24.50000000000014 2.8139548281910907
24.55000000000014 2.8089941644168888
24.60000000000014 2.80402545879881
24.65000000000014 2.7990486000791357
24.70000000000014 2.7940634754165727
24.750000000000142 2.7890699704119473
24.800000000000143 2.784067968992907
24.850000000000144 2.7790573533035086
24.900000000000144 2.7740380036844265
24.950000000000145 2.7690097987025286
25.000000000000142 2.763972615132654
25.050000000000143 2.758926327903791
25.100000000000144 2.7538708100900227
25.150000000000144 2.7488059328980152
25.200000000000145 2.7437315655357475
25.250000000000146 2.738647575067585
25.300000000000146 2.733553826468702
25.350000000000147 2.7284501827568866
25.400000000000148 2.7233365049414218
25.450000000000145 2.7182126518884413
25.500000000000146 2.713078480276293
25.550000000000146 2.70793384456243
25.600000000000147 2.7027785969253477
25.650000000000148 2.6976125872257244
25.70000000000015 2.6924356629699813
25.75000000000015 2.6872476692985052
25.80000000000015 2.6820484489366705
25.85000000000015 2.676837842021101
25.900000000000148 2.671615686000937
25.95000000000015 2.666381815717365
26.00000000000015 2.661136063407678
26.05000000000015 2.6558782586088916
26.10000000000015 2.650608228151607
26.15000000000015 2.6453257961454986
26.200000000000152 2.6400307838506456
26.250000000000153 2.634723009565725
26.300000000000153 2.629402288586258
26.350000000000154 2.6240684331854975
26.40000000000015 2.6187212525809143
26.450000000000152 2.6133605528397434
26.500000000000153 2.6079861367778023
26.550000000000153 2.6025978039134223
26.600000000000154 2.597195350387854
26.650000000000155 2.5917785688491657
26.700000000000156 2.5863472484236976
26.750000000000156 2.580901174726675
26.800000000000157 2.5754401297838587
26.850000000000154 2.5699638919163115
26.900000000000155 2.5644722356722505
26.950000000000156 2.5589649317522087
27.000000000000156 2.55344174688887
27.050000000000157 2.5479024437545146
27.100000000000158 2.542346780923514
27.15000000000016 2.536774512815986
27.20000000000016 2.5311853896007275
27.25000000000016 2.525579157105433
27.30000000000016 2.5199555567364476
27.350000000000158 2.514314325384593
27.40000000000016 2.5086551953250398
27.45000000000016 2.502977894128066
27.50000000000016 2.4972821445863294
27.55000000000016 2.491567664636354
27.60000000000016 2.4858341672531346
27.650000000000162 2.4800813603469445
27.700000000000163 2.4743089466767443
27.750000000000163 2.4685166237498137
27.80000000000016 2.462704083715381
27.85000000000016 2.456871013277639
27.900000000000162 2.4510170936107016
27.950000000000163 2.4451420002626207
28.000000000000163 2.439245403058129
28.050000000000164 2.4333269660030186
28.100000000000165 2.4273863471912067
28.150000000000166 2.421423198712527
28.200000000000166 2.415437166559041
28.250000000000163 2.409427890533729
28.300000000000164 2.403395004160562
28.350000000000165 2.3973381345973346
28.400000000000166 2.3912569025496646
28.450000000000166 2.38515092218182
28.500000000000167 2.379019801045685
28.550000000000168 2.3728631400275306
28.60000000000017 2.3666805332745042
28.65000000000017 2.3604715681208464
28.70000000000017 2.3542358250447957
28.750000000000167 2.34797287760676
28.800000000000168 2.3416822923644753
28.85000000000017 2.335363628832297
28.90000000000017 2.329016439466205
28.95000000000017 2.3226402696281694
29.00000000000017 2.31623465757394
29.05000000000017 2.309799134483978
29.100000000000172 2.3033332244829112
29.150000000000173 2.2968364446433407
29.20000000000017 2.2903083050193196
29.25000000000017 2.2837483087031414
29.30000000000017 2.277155951877322
29.350000000000172 2.270530723886241
29.400000000000173 2.2638721073547363
29.450000000000173 2.2571795783283344
29.500000000000174 2.250452606416965
29.550000000000175 2.243690654964921
29.600000000000176 2.2368931812543567
29.650000000000173 2.2300596367230887
29.700000000000173 2.2231894671988
29.750000000000174 2.21628211317762
29.800000000000175 2.2093370101516117
29.850000000000176 2.202353588959059
29.900000000000176 2.195331276165406
29.950000000000177 2.1882694945020726
30.000000000000178 2.1811676633336776
30.05000000000018 2.1740251991386943
30.10000000000018 2.1668415160517407
30.150000000000176 2.1596160264606974
30.200000000000177 2.1523481416274235
30.250000000000178 2.1450372723778823
30.30000000000018 2.137682829868941
30.35000000000018 2.130284226384275
30.40000000000018 2.1228408761863844
30.45000000000018 2.115352196443996
30.50000000000018 2.1078176081919318
30.550000000000182 2.1002365373384246
30.60000000000018 2.092608415750778
30.65000000000018 2.0849326823948986
30.70000000000018 2.077208784529889
30.75000000000018 2.069436178977218
30.800000000000182 2.0616143334540102
30.850000000000183 2.0537427279644414
30.900000000000183 2.045820856246593
30.950000000000184 2.0378482272771197
31.000000000000185 2.0298243668431106
31.050000000000182 2.0217488191619397
31.100000000000183 2.01362114855049
31.150000000000183 2.0054409411724743
31.200000000000184 1.9972078068328185
31.250000000000185 1.9889213807982686
31.300000000000185 1.980581325681957
31.350000000000186 1.9721873333671303
31.400000000000187 1.9637391269340376
31.450000000000188 1.9552364626324732
31.50000000000019 1.946679131893277
31.550000000000185 1.938066963333378
31.600000000000186 1.9293998247907047
31.650000000000187 1.9206776254042053
31.700000000000188 1.9119003176881242
31.75000000000019 1.9030678996032093
31.80000000000019 1.8941804166443283
31.85000000000019 1.8852379639174905
31.90000000000019 1.8762406882081726
31.95000000000019 1.8671887900609303
32.00000000000019 1.858082525841793
32.05000000000019 1.8489222097677371
32.10000000000019 1.8397082159459759
32.15000000000019 1.8304409804464028
32.200000000000195 1.8211210033723462
32.25000000000019 1.8117488509028563
32.30000000000019 1.8023251573267958
32.35000000000019 1.79285062710329
32.40000000000019 1.7833260369691115
32.450000000000195 1.773752238084211
32.50000000000019 1.764130158180228
32.550000000000196 1.7544608037159748
32.60000000000019 1.7447452621148107
32.6500000000002 1.7349847041311972
32.700000000000195 1.7251803862972181
32.75000000000019 1.7153336534045704
32.800000000000196 1.7054459410740241
32.85000000000019 1.695518778478426
32.9000000000002 1.6855537912188345
32.950000000000195 1.6755527043421192
33.0000000000002 1.6655173455074266
33.050000000000196 1.6554496483103869
33.1000000000002 1.6453516558029826
33.1500000000002 1.6352255242338793
33.200000000000195 1.6250735269777985
33.2500000000002 1.6148980586735933
33.300000000000196 1.6047016396263474
33.3500000000002 1.5944869204269363
33.4000000000002 1.5842566867514718
33.4500000000002 1.5740138644124901
33.5000000000002 1.563761524681947
33.5500000000002 1.55350288983553
33.6000000000002 1.543241338909145
33.6500000000002 1.5329804136557583
33.7000000000002 1.5227238246845543
33.7500000000002 1.5124754577902393
33.8000000000002 1.5022393804308098
33.8500000000002 1.4920198482994622
33.900000000000205 1.481821311991353
33.9500000000002 1.4716484237212515
34.000000000000206 1.4615060439959828
34.0500000000002 1.4513992481977533
34.1000000000002 1.4413333330535973
34.150000000000205 1.431313822915397
34.2000000000002 1.4213464757390397
34.250000000000206 1.4114372886615036
34.3000000000002 1.4015925031032739
34.35000000000021 1.3918186092892402
34.400000000000205 1.382122350035611
34.45000000000021 1.372510723692491
34.500000000000206 1.3629909861366092
34.55000000000021 1.3535706516421266
34.60000000000021 1.3442574924619974
34.650000000000205 1.335059536971112
34.70000000000021 1.3259850662022696
34.750000000000206 1.317042608620972
34.80000000000021 1.3082409329687121
34.85000000000021 1.2995890389765812
34.90000000000021 1.291096145809479
34.95000000000021 1.282771678100133
35.00000000000021 1.2746252493725185
35.05000000000021 1.266666642729567
35.10000000000021 1.2589057887476034
35.15000000000021 1.2513527404625073
35.20000000000021 1.2440176453613971
35.25000000000021 1.2369107143936628
35.30000000000021 1.2300421880220171
35.350000000000215 1.2234222993488904
35.40000000000021 1.217061234438324
35.450000000000216 1.2109690900137111
35.50000000000021 1.2051558287562283
35.55000000000021 1.1996312324862015
35.600000000000215 1.1944048535590925
35.65000000000021 1.189485964874988
35.700000000000216 1.1848835089713334
35.75000000000021 1.180606046697504
35.80000000000022 1.1766617060071138
35.850000000000215 1.1730581314778254
35.90000000000022 1.1698024351939549
35.950000000000216 1.1669011495999768
36.00000000000021 1.1643601829514656
36.05000000000022 1.162184778019742
36.100000000000215 1.1603794746505798
36.15000000000022 1.158948076710821
36.200000000000216 1.1578936239485464
36.25000000000022 1.1572183692376365
36.30000000000022 1.156923761552627
36.35000000000022 1.1570104349345118
36.40000000000022 1.1574782036489681
36.450000000000216 1.1583260636225596
36.50000000000022 1.1595522001120344
36.55000000000022 1.1611540014797366
36.60000000000022 1.1631280788695895
36.65000000000022 1.1654702914638129
36.70000000000022 1.1681757769035537
36.75000000000022 1.1712389864019588
36.800000000000225 1.1746537240202406
36.85000000000022 1.1784131895182437
36.900000000000226 1.1825100241583264
36.95000000000022 1.186936358826343
37.00000000000022 1.19168386384298
37.050000000000225 1.1967437998473311
37.10000000000022 1.2021070691234375
37.150000000000226 1.2077642667929431
37.20000000000022 1.2137057313750073
37.25000000000023 1.219921594206022
37.300000000000225 1.2264018272550952
37.35000000000023 1.233136289008924
37.400000000000226 1.2401147681191866
37.45000000000022 1.2473270245037
37.50000000000023 1.2547628277319338
37.550000000000225 1.2624119925858712
37.60000000000023 1.2702644116571316
37.650000000000226 1.2783100849355
37.70000000000023 1.2865391464245766
37.75000000000023 1.2949418878012768
37.80000000000023 1.3035087791817912
37.85000000000023 1.3122304871104435
37.900000000000226 1.321097889885687
37.95000000000023 1.3301020903670209
38.00000000000023 1.339234426414059
38.05000000000023 1.3484864790998963
38.10000000000023 1.3578500788865544
38.15000000000023 1.3673173099389742
38.20000000000023 1.3768805127129897
38.250000000000234 1.3865322850035795
38.30000000000023 1.3962654816443996
38.35000000000023 1.406073212981359
38.40000000000023 1.4159488422629998
38.45000000000023 1.4258859821212024
38.500000000000234 1.4358784902637565
38.55000000000023 1.445920464477285
38.600000000000236 1.456006237068474
38.65000000000023 1.4661303688695768
38.70000000000024 1.4762876428906433
38.750000000000234 1.4864730576867136
38.80000000000023 1.4966818205452586
38.850000000000236 1.5069093405780827
38.90000000000023 1.5171512217382173
38.95000000000024 1.527403255822241
39.000000000000234 1.5376614155473582
39.05000000000024 1.5479218477120285
39.100000000000236 1.5581808664575563
39.15000000000024 1.5684349467101995
39.20000000000024 1.5786807178218332
39.250000000000234 1.588914957399437
39.30000000000024 1.5991345853697574
39.350000000000236 1.6093366582981592
39.40000000000024 1.6195183639496415
39.45000000000024 1.6296770161126073
39.50000000000024 1.6398100496955086
39.55000000000024 1.6499150160928933
39.60000000000024 1.6599895788297696
39.65000000000024 1.67003150947666
39.700000000000244 1.6800386838380699
39.75000000000024 1.6900090784279935
39.80000000000024 1.6999407672001812
39.85000000000024 1.7098319185132544
39.90000000000024 1.719680792357515
39.950000000000244 1.7294857378296995
40.00000000000024 1.7392451908235542
40.050000000000246 1.7489576719454194
40.10000000000024 1.7586217846397123
40.15000000000025 1.7682362134908258
40.200000000000244 1.7777997227167164
40.25000000000024 1.7873111548511877
40.300000000000246 1.7967694295575902
40.35000000000024 1.8061735425518228
40.40000000000025 1.8155225646499022
40.450000000000244 1.824815640925825
40.50000000000025 1.834051989950387
40.550000000000246 1.8432309030883844
40.60000000000025 1.852351743829347
40.65000000000025 1.8614139471429854
40.700000000000244 1.870417018856288
40.75000000000025 1.8793605350178306
40.800000000000246 1.8882441412111897
40.85000000000025 1.897067551812533
40.90000000000025 1.9058305491921639
40.95000000000025 1.9145329828354043
41.00000000000025 1.9231747683499365
41.05000000000025 1.9317558863445274
41.10000000000025 1.9402763811773929
41.15000000000025 1.9487363595605178
41.20000000000025 1.9571359890006534
41.25000000000025 1.9654754960713883
41.30000000000025 1.9737551645109572
41.35000000000025 1.981975333136958
41.400000000000254 1.9901363935737146
41.45000000000025 1.9982387877872934
41.500000000000256 2.0062830054460865
41.55000000000025 2.014269581140176
41.60000000000025 2.0221990914356662
41.650000000000254 2.0300721517212033
41.70000000000025 2.0378894128970506
41.750000000000256 2.0456515579878882
41.80000000000025 2.053359298672358
41.85000000000026 2.061013371707715
41.900000000000254 2.068614535305535
41.95000000000026 2.076163565504988
42.000000000000256 2.0836612525270293
42.05000000000026 2.0911083971313706
42.10000000000026 2.0985058070469
42.150000000000254 2.105854293505205
42.20000000000026 2.1131546678988524
42.250000000000256 2.120407738593561
42.30000000000026 2.1276143078780296
42.35000000000026 2.134775169100278
42.40000000000026 2.141891104113854
42.45000000000026 2.148962881016506
42.50000000000026 2.1559912521202635
42.55000000000026 2.1629769522503666
42.60000000000026 2.169920697409839
42.65000000000026 2.1768231837095215
42.70000000000026 2.183685086586414
42.75000000000026 2.190507060397715
42.80000000000026 2.1972897383661056
42.850000000000264 2.2040337328298834
42.90000000000026 2.2107396357659246
42.950000000000266 2.217408019557121
43.00000000000026 2.2240394380078383
43.05000000000026 2.230634427558058
43.100000000000264 2.237193508627
43.15000000000026 2.243717187097339
43.200000000000266 2.2502059559075365
43.25000000000026 2.256660296651375
43.30000000000027 2.2630806811435047
43.350000000000264 2.2694675729279554
43.40000000000027 2.275821428698932
43.450000000000266 2.2821426996154024
43.50000000000026 2.2884318324417863
43.55000000000027 2.2946892704798474
43.600000000000264 2.3009154543218813
43.65000000000027 2.3071108223690895
43.700000000000266 2.3132758110744693
43.75000000000027 2.3194108550009367
43.80000000000027 2.3255163867144297
43.85000000000027 2.331592836464432
43.90000000000027 2.337640631710349
43.950000000000266 2.343660196545505
44.00000000000027 2.349651951003426
44.05000000000027 2.355616310289712
44.10000000000027 2.3615536840099383
44.15000000000027 2.3674644754261114
44.20000000000027 2.3733490807724165
44.25000000000027 2.379207888656209
44.300000000000274 2.3850412795687648
44.35000000000027 2.390849625543919
44.40000000000027 2.396633289975936
44.45000000000027 2.4023926275886183
44.50000000000027 2.4081279845800467
44.550000000000274 2.4138396989547264
44.60000000000027 2.4195281009787974
44.650000000000276 2.425193513707185
44.70000000000027 2.4308362536166235
44.75000000000028 2.4364566313234586
44.800000000000274 2.4420549522856803
44.85000000000028 2.4476315174979626
44.900000000000276 2.453186624218145
44.95000000000027 2.4587205666129237
45.00000000000028 2.4642336362452792
45.050000000000274 2.4697261224604534
45.10000000000028 2.475198312657795
45.150000000000276 2.480650492384965
45.20000000000028 2.4860829452874222
45.25000000000028 2.4914959529696477
45.30000000000028 2.496889794766298
45.35000000000028 2.5022647473999617
45.400000000000276 2.5076210845464133
45.45000000000028 2.5129590763769722
45.50000000000028 2.5182789890959834
45.55000000000028 2.523581084462559
45.60000000000028 2.5288656193703942
45.65000000000028 2.5341328455422802
45.70000000000028 2.5393830093091525
45.750000000000284 2.5446163514771554
45.80000000000028 2.549833107309123
45.85000000000028 2.5550335066210454
45.90000000000028 2.5602177739952405
45.95000000000028 2.5653861290751103
46.000000000000284 2.5705387869312295
46.05000000000028 2.5756759585343785
46.100000000000286 2.5807978512439638
46.15000000000028 2.5859046692210668
46.20000000000029 2.590996613848964
46.250000000000284 2.596073884131325
46.30000000000028 2.601136676936941
46.350000000000286 2.6061851871845185
46.40000000000028 2.611219608034394
46.45000000000029 2.616240130946948
46.500000000000284 2.6212469456261704
46.55000000000029 2.6262402399563975
46.600000000000286 2.6312201998508953
46.65000000000029 2.636187008992106
46.70000000000029 2.641140848578979
46.750000000000284 2.6460818970856868
46.80000000000029 2.651010330015878
46.850000000000286 2.6559263197100766
46.90000000000029 2.66083003521282
46.95000000000029 2.665721642197487
47.00000000000029 2.6706013029615714
47.05000000000029 2.6754691764628373
47.10000000000029 2.6803254184184935
47.15000000000029 2.685170181499038
47.200000000000294 2.690003615546511
47.25000000000029 2.6948258678007395
47.30000000000029 2.699637083181974
47.35000000000029 2.70443740455933
47.40000000000029 2.709226972943629
47.450000000000294 2.714005927668032
47.50000000000029 2.7187744065515713
47.550000000000296 2.723532545973477
47.60000000000029 2.728280480893509
47.6500000000003 2.7330183448817333
47.700000000000294 2.7377462701157875
47.75000000000029 2.7424643872875967
47.800000000000296 2.7471728254661807
47.85000000000029 2.751871711981479
47.9000000000003 2.7565611722966414
47.950000000000294 2.7612413298684073
48.0000000000003 2.7659123060751316
48.050000000000296 2.770574220172917
48.1000000000003 2.775227189231866
48.1500000000003 2.779871328185403
48.200000000000294 2.7845067499941014
48.2500000000003 2.7891335657252747
48.300000000000296 2.793751884566093
48.3500000000003 2.798361813924853
48.4000000000003 2.802963459600417
48.4500000000003 2.8075569259643114
48.5000000000003 2.8121423161176526
48.5500000000003 2.816719731944516
48.6000000000003 2.8212892741303333
48.6500000000003 2.8258510422784875
48.7000000000003 2.8304051350449213
48.7500000000003 2.834951650133074
48.8000000000003 2.839490684144592
48.8500000000003 2.844022332422725
48.900000000000304 2.848546689031899
48.9500000000003 2.8530638468096963
49.000000000000306 2.857573897293111
49.0500000000003 2.862076930555904
49.1000000000003 2.866573035147428
49.150000000000304 2.8710622981159046
49.2000000000003 2.875544805024379
49.250000000000306 2.8800206400047643
49.3000000000003 2.884489885849811
49.35000000000031 2.8889526240831738
49.400000000000304 2.893408935057906
49.45000000000031 2.897858898081608
49.500000000000306 2.9023025914764062
49.5500000000003 2.906740092658074
49.60000000000031 2.9111714782802407
49.650000000000304 2.915596824217131
49.70000000000031 2.9200162053928413
49.750000000000306 2.924429695767952
49.80000000000031 2.928837368448376
49.85000000000031 2.933239295681992
49.90000000000031 2.9376355488080366
49.95000000000031 2.942026198243167
50.00000000000031 2.9464113134464167
50.05000000000031 2.9507909628896676
50.10000000000031 2.955165214048432
50.15000000000031 2.959534133397732
50.20000000000031 2.963897786463452
50.25000000000031 2.968256237877389
50.30000000000031 2.9726095513584445
50.350000000000314 2.976957789705992
50.40000000000031 2.981301014879059
50.450000000000315 2.985639288120015
50.50000000000031 2.989972670028242
50.55000000000031 2.9943012205219866
50.600000000000314 2.9986249988056355
50.65000000000031 3.002944063424607
50.700000000000315 3.007258472264638
50.75000000000031 3.011568282506869
50.80000000000032 3.015873550700212
50.850000000000314 3.0201743328441717
50.90000000000032 3.024470684330444
50.950000000000315 3.0287626598385358
51.00000000000031 3.0330503133011053
51.05000000000032 3.0373336979310457
51.100000000000314 3.0416128662272524
51.15000000000032 3.0458878699407723
51.200000000000315 3.0501587600974194
51.25000000000032 3.0544255870363717
51.30000000000032 3.058688400369453
51.35000000000032 3.062947248975376
51.40000000000032 3.0672021810667798
51.450000000000315 3.071453244236596
51.50000000000032 3.07570048552016
51.55000000000032 3.079943951423439
51.60000000000032 3.0841836878667563
51.65000000000032 3.0884197402355715
51.70000000000032 3.0926521534888316
51.75000000000032 3.096880972120097
51.800000000000324 3.101106240166751
51.85000000000032 3.1053280013237305
51.90000000000032 3.109546298865791
51.95000000000032 3.1137611754747443
52.00000000000032 3.117972673218721
52.050000000000324 3.1221808335465946
52.10000000000032 3.126385697231664
52.150000000000325 3.130587304387768
52.20000000000032 3.134785694525279
52.25000000000033 3.138980906586471
52.300000000000324 3.1431729789646874
52.35000000000033 3.1473619495108975
52.400000000000325 3.151547855588614
52.45000000000032 3.1557307341706204
52.50000000000033 3.1599106218799156
52.550000000000324 3.164087554997644
52.60000000000033 3.1682615694946965
52.650000000000325 3.1724327010386224
52.70000000000033 3.1766009849593004
52.75000000000033 3.1807664562254154
52.80000000000033 3.1849291494549186
52.85000000000033 3.1890890989274525
52.900000000000325 3.193246338544394
52.95000000000033 3.1974009017545257
53.00000000000033 3.2015528215242033
53.05000000000033 3.2057021303356694
53.10000000000033 3.209848860155009
53.15000000000033 3.2139930424383367
53.20000000000033 3.2181347082271756
53.250000000000334 3.222273888207068
53.30000000000033 3.2264106126742407
53.35000000000033 3.230544911545609
53.40000000000033 3.2346768144177185
53.45000000000033 3.238806350550251
53.500000000000334 3.242933548851581
53.55000000000033 3.247058437964655
53.600000000000335 3.2511810463187523
53.65000000000033 3.255301402093461
53.70000000000034 3.259419533210438
53.750000000000334 3.263535467335889
53.80000000000033 3.2676492318311077
53.850000000000335 3.2717608537129497
53.90000000000033 3.275870359648429
53.95000000000034 3.279977775945662
54.000000000000334 3.2840831285444043
54.05000000000034 3.2881864430013183
54.100000000000335 3.292287744472085
54.15000000000034 3.2963870577319176
54.20000000000034 3.300484407215181
54.250000000000334 3.304579817027813
54.30000000000034 3.3086733109760416
54.350000000000335 3.3127649126255045
54.40000000000034 3.3168546452976226
54.45000000000034 3.320942532015344
54.50000000000034 3.325028595515303
54.55000000000034 3.329112858278857
54.60000000000034 3.333195342499638
54.65000000000034 3.3372760700984325
54.70000000000034 3.3413550628041992
54.75000000000034 3.3454323421501355
54.80000000000034 3.3495079294226637
54.85000000000034 3.3535818456740953
54.90000000000034 3.357654111717054
54.950000000000344 3.361724748073461
55.00000000000034 3.3657937749747737
55.050000000000345 3.3698612123962324
55.10000000000034 3.3739270800635595
55.15000000000035 3.377991397443215
55.200000000000344 3.3820541837357645
55.25000000000034 3.3861154578801833
55.300000000000345 3.390175238544997
55.35000000000034 3.3942335441027494
55.40000000000035 3.3982903926565817
55.450000000000344 3.402345802096868
55.50000000000035 3.4063997901049725
55.550000000000345 3.4104523741572956
55.60000000000035 3.4145035715621597
55.65000000000035 3.4185533994621653
55.700000000000344 3.422601874831568
55.75000000000035 3.426649014500889
55.800000000000345 3.4306948351525275
55.85000000000035 3.434739353305159
55.90000000000035 3.4387825853142506
55.95000000000035 3.4428245473594203
56.00000000000035 3.4468652554342483
56.05000000000035 3.4509047253125296
56.10000000000035 3.4549429724791
56.15000000000035 3.4589800121550778
56.20000000000035 3.463015859393285
56.25000000000035 3.4670505290678806
56.30000000000035 3.4710840358269968
56.35000000000035 3.4751163941153616
56.400000000000354 3.479147618177792
56.45000000000035 3.4831777220685165
56.500000000000355 3.4872067197099192
56.55000000000035 3.4912346248597386
56.60000000000035 3.495261451039082
56.650000000000354 3.49928721162061
56.70000000000035 3.503311919961509
56.750000000000355 3.507335589385728
56.80000000000035 3.511358233087268
56.85000000000036 3.5153798640758573
56.900000000000354 3.519400495183538
56.95000000000036 3.5234201390985773
57.000000000000355 3.527438808354132
57.05000000000035 3.531456515261507
57.10000000000036 3.5354732718714255
57.150000000000354 3.5394890900058114
57.20000000000036 3.5435039813143545
57.250000000000355 3.547517957291459
57.30000000000036 3.551531029258041
57.35000000000036 3.5555432083752336
57.40000000000036 3.5595545056924927
57.45000000000036 3.5635649321736462
57.50000000000036 3.5675744987090705
57.55000000000036 3.5715832161510144
57.60000000000036 3.5755910953421446
57.65000000000036 3.5795981470741984
57.70000000000036 3.583604381997191
57.75000000000036 3.587609810594189
57.80000000000036 3.5916144432297528
57.850000000000364 3.5956182901408194
57.90000000000036 3.599621361365826
57.950000000000365 3.603623666712252
58.00000000000036 3.60762521574903
58.05000000000036 3.6116260178019055
58.100000000000364 3.6156260819806247
58.15000000000036 3.619625417201092
58.200000000000365 3.623624032196917
58.25000000000036 3.627621935567974
58.30000000000037 3.6316191358247307
58.350000000000364 3.6356156413997494
58.40000000000037 3.6396114606903365
58.450000000000365 3.6436066021243794
58.50000000000036 3.6476010741576217
58.55000000000037 3.651594885199742
58.600000000000364 3.6555880435791304
58.65000000000037 3.6595805575824083
58.700000000000365 3.663572435464134
58.75000000000037 3.667563685408869
58.80000000000037 3.671554315538242
58.85000000000037 3.6755443339169003
58.90000000000037 3.67953374848868
58.950000000000365 3.6835225670338416
59.00000000000037 3.68751079717804
59.05000000000037 3.691498446394357
59.10000000000037 3.695485522012581
59.15000000000037 3.6994720312211813
59.20000000000037 3.7034579810434707
59.25000000000037 3.70744337836111
59.300000000000374 3.7114282299654606
59.35000000000037 3.7154125425592976
59.40000000000037 3.7193963227605433
59.45000000000037 3.723379577130132
59.50000000000037 3.7273623121611554
59.550000000000374 3.7313445342503018
59.60000000000037 3.7353262496951696
59.650000000000375 3.739307464711804
59.70000000000037 3.7432881854636078
59.75000000000038 3.747268418057522
59.800000000000374 3.7512481685032593
59.85000000000037 3.755227442716449
59.900000000000375 3.759206246546653
59.95000000000037 3.7631845857595345
60.00000000000038 3.7671624660462024
60.050000000000374 3.7711398930932942
60.10000000000038 3.775116872595525
60.150000000000375 3.7790934102076403
60.20000000000038 3.783069511540233
60.25000000000038 3.787045182169632
60.30000000000038 3.7910204276114836
60.35000000000038 3.794995253313736
60.400000000000375 3.7989696646705133
60.45000000000038 3.8029436670117818
60.50000000000038 3.8069172655933277
60.55000000000038 3.810890465592863
60.60000000000038 3.8148632720957663
60.65000000000038 3.8188356901068676
60.70000000000038 3.8228077245750804
60.750000000000384 3.82677938037752
60.80000000000038 3.8307506623006606
60.85000000000038 3.8347215750547545
60.90000000000038 3.8386921232784608
60.95000000000038 3.842662311528512
61.000000000000384 3.8466321442975038
61.05000000000038 3.85060162605107
61.100000000000385 3.8545707612302307
61.15000000000038 3.85853955421495
61.20000000000039 3.8625080093098574
61.250000000000384 3.86647613075422
61.30000000000038 3.870443922703308
61.350000000000385 3.874411389219821
61.40000000000038 3.8783785343164996
61.45000000000039 3.882345361978986
61.500000000000384 3.8863118761493034
61.55000000000039 3.8902780807267767
61.600000000000385 3.8942439795767028
61.65000000000039 3.898209576526166
61.70000000000039 3.9021748753636483
61.750000000000384 3.906139879842
61.80000000000039 3.9101045936872842
61.850000000000385 3.9140690206021205
61.90000000000039 3.9180331642437918
61.95000000000039 3.921997028214926
62.00000000000039 3.9259606160785507
62.05000000000039 3.9299239313543457
62.10000000000039 3.933886977512095
62.15000000000039 3.9378497579825487
62.20000000000039 3.941812276154157
62.25000000000039 3.945774535361081
62.30000000000039 3.9497365388784296
62.35000000000039 3.9536982899189983
62.40000000000039 3.957659791647327
62.450000000000394 3.961621047195345
62.50000000000039 3.9655820596526006
62.550000000000395 3.969542832067053
62.60000000000039 3.9735033674575733
62.6500000000004 3.9774636687944764
62.700000000000394 3.981423738983818
62.75000000000039 3.985383580894021
62.800000000000395 3.9893431973724813
62.85000000000039 3.993302591230726
62.9000000000004 3.9972617652471496
62.950000000000394 4.00122072217906
63.0000000000004 4.005179464734701
63.050000000000395 4.009137995541704
63.1000000000004 4.013096317161423
63.1500000000004 4.017054432101657
63.200000000000394 4.021012342808573
63.2500000000004 4.0249700516891
63.300000000000395 4.028927561139912
63.3500000000004 4.032884873544055
63.4000000000004 4.036841991276089
63.4500000000004 4.040798916717024
63.5000000000004 4.044755652250026
63.5500000000004 4.048712200261057
63.6000000000004 4.052668563140983
63.6500000000004 4.056624743274039
63.7000000000004 4.060580743036761
63.7500000000004 4.064536564788272
63.8000000000004 4.0684922108417245
63.8500000000004 4.07244768346681
63.900000000000404 4.076402984908126
63.9500000000004 4.080358117376414
64.0000000000004 4.0843130830402385
64.05000000000041 4.088267884027146
64.1000000000004 4.092222522418357
64.1500000000004 4.096177000254286
64.2000000000004 4.10013131954654
64.2500000000004 4.104085482278597
64.30000000000041 4.108039490405653
64.3500000000004 4.111993345864494
64.4000000000004 4.115947050599934
64.4500000000004 4.119900606582127
64.50000000000041 4.123854015772291
64.55000000000041 4.12780728008284
64.6000000000004 4.13176040139346
64.6500000000004 4.135713381575772
64.7000000000004 4.1396662224842915
64.75000000000041 4.143618925940799
64.80000000000041 4.1475714937198696
64.8500000000004 4.151523927542322
64.9000000000004 4.155476229094897
64.95000000000041 4.159428400041504
65.00000000000041 4.163380441995423
65.05000000000041 4.1673323564961695
65.1000000000004 4.171284145034054
65.1500000000004 4.175235809093209
65.20000000000041 4.1791873501612224
65.25000000000041 4.183138769713487
65.30000000000041 4.187090069213845
65.3500000000004 4.191041250124303
65.40000000000042 4.194992313901743
65.45000000000041 4.198943261997104
65.50000000000041 4.202894095859724
65.55000000000041 4.206844816932271
65.6000000000004 4.210795426641782
65.65000000000042 4.21474592638665
65.70000000000041 4.218696317523973
65.75000000000041 4.222646601379026
65.80000000000041 4.226596779258329
65.85000000000042 4.230546852437476
65.90000000000042 4.234496822149145
65.95000000000041 4.238446689590383
66.00000000000041 4.242396455936005
66.05000000000041 4.246346122355748
66.10000000000042 4.2502956900192554
66.15000000000042 4.254245160081358
66.20000000000041 4.258194533689253
66.25000000000041 4.262143812010229
66.30000000000042 4.266092996231057
66.35000000000042 4.270042087552294
66.40000000000042 4.273991087207141
66.45000000000041 4.277939996454109
66.50000000000041 4.281888816535893
66.55000000000042 4.285837548662314
66.60000000000042 4.289786194015429
66.65000000000042 4.293734753746118
66.70000000000041 4.297683228971339
66.75000000000043 4.3016316207734455
66.80000000000042 4.305579930196249
66.85000000000042 4.309528158251351
66.90000000000042 4.31347630592971
66.95000000000041 4.317424374204831
67.00000000000043 4.321372364036825
67.05000000000042 4.325320276381088
67.10000000000042 4.329268112191414
67.15000000000042 4.333215872416707
67.20000000000043 4.337163558001899
67.25000000000043 4.341111169900695
67.30000000000042 4.345058709083124
67.35000000000042 4.349006176517678
67.40000000000042 4.352953573150941
67.45000000000043 4.356900899908391
67.50000000000043 4.360848157693817
67.55000000000042 4.364795347379192
67.60000000000042 4.368742469809118
67.65000000000043 4.372689525812741
67.70000000000043 4.3766365162000325
67.75000000000043 4.380583441751571
67.80000000000042 4.384530303219133
67.85000000000042 4.3884771013368
67.90000000000043 4.392423836832427
67.95000000000043 4.396370510430679
68.00000000000043 4.400317122853492
68.05000000000042 4.4042636748256365
68.10000000000043 4.408210167075144
68.15000000000043 4.412156600326633
68.20000000000043 4.41610297530303
68.25000000000043 4.420049292732184
68.30000000000042 4.423995553343172
68.35000000000043 4.427941757857405
68.40000000000043 4.4318879069821175
68.45000000000043 4.4358340014047855
68.50000000000043 4.439780041792806
68.55000000000044 4.443726028794646
68.60000000000043 4.447671963033194
68.65000000000043 4.451617845104009
68.70000000000043 4.45556367558357
68.75000000000043 4.459509455028218
68.80000000000044 4.4634551839735
68.85000000000043 4.467400862956879
68.90000000000043 4.471346492537467
68.95000000000043 4.475292073290549
69.00000000000044 4.4792376058052925
69.05000000000044 4.483183090690972
69.10000000000043 4.4871285285656
69.15000000000043 4.491073920040622
69.20000000000044 4.4950192657244825
69.25000000000044 4.498964566226747
69.30000000000044 4.502909822149958
69.35000000000043 4.506855034083183
69.40000000000043 4.510800202599498
69.45000000000044 4.51474532825123
69.50000000000044 4.518690411567307
69.55000000000044 4.522635453054617
69.60000000000043 4.526580453201217
69.65000000000045 4.530525412482407
69.70000000000044 4.5344703313654025
69.75000000000044 4.538415210309386
69.80000000000044 4.542360049769889
69.85000000000043 4.546304850209149
69.90000000000045 4.550249612100097
69.95000000000044 4.554194335924128
70.00000000000044 4.558139022171919
70.05000000000044 4.562083671341504
70.10000000000045 4.566028283928623
70.15000000000045 4.569972860419611
70.20000000000044 4.573917401291457
70.25000000000044 4.5778619070129345
70.30000000000044 4.581806378042584
70.35000000000045 4.5857508148238875
70.40000000000045 4.589695217783641
70.45000000000044 4.593639587333693
70.50000000000044 4.5975839238674
70.55000000000045 4.601528227759363
70.60000000000045 4.605472499379246
70.65000000000045 4.6094167391002925
70.70000000000044 4.613360947294843
70.75000000000044 4.617305124337259
70.80000000000045 4.621249270608842
70.85000000000045 4.625193386489416
70.90000000000045 4.629137472352225
70.95000000000044 4.63308152856957
71.00000000000045 4.637025555513229
71.05000000000045 4.640969553549666
71.10000000000045 4.644913523038035
71.15000000000045 4.648857464328737
71.20000000000044 4.652801377760262
71.25000000000045 4.656745263655172
71.30000000000045 4.660689122320945
71.35000000000045 4.6646329540570095
71.40000000000045 4.6685767591579195
71.45000000000046 4.67252053791387
71.50000000000045 4.676464290615575
71.55000000000045 4.680408017556599
71.60000000000045 4.684351719034216
71.65000000000045 4.688295395353463
71.70000000000046 4.692239046825174
71.75000000000045 4.696182673762061
71.80000000000045 4.700126276479441
71.85000000000045 4.704069855289003
71.90000000000046 4.708013410492829
71.95000000000046 4.711956942387462
72.00000000000045 4.715900451260372
72.05000000000045 4.719843937385607
72.10000000000045 4.7237874010365495
72.15000000000046 4.727730842490919
72.20000000000046 4.731674262017991
72.25000000000045 4.735617659874477
72.30000000000045 4.739561036308376
72.35000000000046 4.743504391559183
72.40000000000046 4.747447725861589
72.45000000000046 4.751391039448408
72.50000000000045 4.7553343325480855
72.55000000000045 4.759277605387414
72.60000000000046 4.763220858199382
72.65000000000046 4.767164091226356
72.70000000000046 4.771107304713914
72.75000000000045 4.775050498900061
72.80000000000047 4.778993674016191
72.85000000000046 4.7829368303001
72.90000000000046 4.786879967997767
72.95000000000046 4.7908230873510025
73.00000000000045 4.794766188590276
73.05000000000047 4.798709271937074
73.10000000000046 4.802652337608128
73.15000000000046 4.806595385817263
73.20000000000046 4.810538416772953
73.25000000000047 4.81448143067472
73.30000000000047 4.818424427714897
73.35000000000046 4.822367408085161
73.40000000000046 4.8263103719791465
73.45000000000046 4.830253319588734
73.50000000000047 4.834196251102907
73.55000000000047 4.838139166710732
73.60000000000046 4.8420820666008115
73.65000000000046 4.846024950959616
73.70000000000047 4.849967819973371
73.75000000000047 4.853910673828857
73.80000000000047 4.857853512711027
73.85000000000046 4.861796336798261
73.90000000000046 4.86573914625928
73.95000000000047 4.869681941260351
74.00000000000047 4.8736247219738935
74.05000000000047 4.877567488573109
74.10000000000046 4.8815102412245475
74.15000000000047 4.885452980090775
74.20000000000047 4.889395705331738
74.25000000000047 4.893338417102952
74.30000000000047 4.897281115558743
74.35000000000048 4.9012238008548366
74.40000000000047 4.90516647314681
74.45000000000047 4.9091091325906415
74.50000000000047 4.913051779343501
74.55000000000047 4.916994413561146
74.60000000000048 4.9209370353970785
74.65000000000047 4.924879645003836
74.70000000000047 4.92882224252917
74.75000000000047 4.932764828110698
74.80000000000048 4.9367074018802235
74.85000000000048 4.940649963972026
74.90000000000047 4.944592514521652
74.95000000000047 4.948535053660945
75.00000000000047 4.952477581518821
75.05000000000048 4.956420098221708
75.10000000000048 4.960362603890803
75.15000000000047 4.9643050986431065
75.20000000000047 4.96824758259625
75.25000000000048 4.972190055871291
75.30000000000048 4.976132518591374
75.35000000000048 4.980074970878975
75.40000000000047 4.984017412856357
75.45000000000047 4.987959844648739
75.50000000000048 4.991902266384782
75.55000000000048 4.995844678193872
75.60000000000048 4.999787080203943
75.65000000000047 5.003729472540061
75.65000000000047 5.003729472540061
