EnergyLoss(eV) ProbabilityDensity(eV⁻¹)
-0.02555755261406326 3.467340839335975e-6
-0.02553804141171068 1.2500572960760792e-5
-0.025518530209358098 4.5803169402169885e-5
-0.02549901900700552 0.00014544743156186257
-0.025479507804652936 0.00039754967379357353
-0.025459996602300358 0.0009352773365476352
-0.02544048539994778 0.001894393027400465
-0.025420974197595196 0.003304538459900197
-0.025401462995242617 0.004965929395555513
-0.025381951792890035 0.006431063743133958
-0.025362440590537456 0.007179667070779772
-0.025342929388184877 0.006912127701811599
-0.025323418185832294 0.005740481149043575
-0.025303906983479715 0.004113858391452396
-0.025284395781127133 0.002544709034175696
-0.025264884578774554 0.0013590057981218706
-0.025245373376421975 0.0006267360886366589
-0.025225862174069393 0.00024962595781149836
-0.025206350971716814 8.587579578369677e-5
-0.02518683976936423 2.5517227827740255e-5
-0.025167328567011652 6.548693785978638e-6
-0.025147817364659073 1.451387256538872e-6
-0.02512830616230649 2.777426380395215e-7
-0.025108794959953912 4.588107828731869e-8
-0.02508928375760133 6.540854498651716e-9
-0.02506977255524875 8.045060936878734e-10
-0.02505026135289617 8.53049471338796e-11
-0.02503075015054359 7.933919146663193e-12
-0.02501123894819101 6.204967095690961e-13
-0.02499172774583843 4.549867427261489e-13
-0.02497221654348585 0.0
-0.02495270534113327 3.135339210480481e-14
-0.024933194138780687 5.900835375882707e-14
-0.024913682936428108 1.5594470159641105e-13
-0.02489417173407553 1.0746958878371515e-13
-0.024874660531722947 3.132563652918918e-14
-0.024855149329370368 1.316689812735916e-13
-0.024835638127017785 2.275957200481571e-14
-0.024816126924665206 9.125686317723591e-14
-0.024796615722312627 6.671052599216409e-14
-0.024777104519960045 1.1157741397482823e-13
-0.024757593317607466 7.040201754904274e-14
-0.024738082115254884 3.113828639378369e-14
-0.024718570912902305 1.7187640199978205e-14
-0.024699059710549726 1.3767459394742332e-13
-0.024679548508197143 0.0
-0.024660037305844564 0.0
-0.024640526103491982 1.925543058334256e-15
-0.024621014901139403 1.5439038936193583e-14
-0.024601503698786824 1.617456169000775e-14
-0.02458199249643424 4.6532222519601874e-14
-0.024562481294081662 0.0
-0.02454297009172908 1.3298390166838203e-14
-0.0245234588893765 0.0
-0.024503947687023922 0.0
-0.02448443648467134 0.0
-0.02446492528231876 0.0
-0.024445414079966178 0.0
-0.0244259028776136 0.0
-0.02440639167526102 2.941050181171079e-14
-0.024386880472908438 3.4486302702418925e-14
-0.02436736927055586 2.900804596528417e-14
-0.024347858068203276 0.0
-0.024328346865850697 6.129124985321255e-14
-0.02430883566349812 9.375139553569056e-14
-0.024289324461145536 0.0
-0.024269813258792957 0.0
-0.024250302056440375 2.3765711620882257e-15
-0.024230790854087796 1.2496947920936918e-14
-0.024211279651735217 4.532832442727397e-14
-0.024191768449382634 7.979381044798117e-14
-0.024172257247030055 3.181482854941464e-14
-0.024152746044677473 9.694675617843984e-14
-0.024133234842324894 1.2496947920936918e-14
-0.024113723639972315 1.0803510863688359e-13
-0.024094212437619732 0.0
-0.024074701235267153 5.0442289234453597e-14
-0.02405519003291457 0.0
-0.024035678830561992 0.0
-0.024016167628209413 0.0
-0.02399665642585683 6.938893903907228e-15
-0.02397714522350425 0.0
-0.02395763402115167 0.0
-0.02393812281879909 1.2798789805756883e-14
-0.02391861161644651 0.0
-0.02389910041409393 8.613249002920043e-14
-0.02387958921174135 6.007694342002878e-14
-0.02386007800938877 5.574707362399067e-14
-0.02384056680703619 9.749145934989656e-15
-0.02382105560468361 0.0
-0.023801544402331027 0.0
-0.023782033199978448 0.0
-0.02376252199762587 0.0
-0.023743010795273287 0.0
-0.023723499592920708 0.0
-0.023703988390568125 9.516692989208764e-15
-0.023684477188215546 0.0
-0.023664965985862967 0.0
-0.023645454783510385 0.0
-0.023625943581157806 0.0
-0.023606432378805223 0.0
-0.023586921176452644 0.0
-0.023567409974100065 0.0
-0.023547898771747483 0.0
-0.023528387569394904 4.794775687599895e-15
-0.02350887636704232 4.7704895589362195e-14
-0.023489365164689743 6.839667721081355e-14
-0.023469853962337164 2.011169009108471e-13
-0.02345034275998458 4.226480276869893e-14
-0.023430831557632002 2.2007395905632166e-13
-0.02341132035527942 1.183705911067534e-13
-0.02339180915292684 1.400476956625596e-13
-0.023372297950574262 1.1742690153582203e-13
-0.02335278674822168 1.3283818489639998e-13
-0.0233332755458691 2.824129818890242e-14
-0.023313764343516518 0.0
-0.02329425314116394 0.0
-0.02327474193881136 0.0
-0.023255230736458778 0.0
-0.0232357195341062 3.989863994746656e-15
-0.023216208331753616 0.0
-0.023196697129401037 0.0
-0.02317718592704846 5.4914406355521805e-14
-0.023157674724695876 0.0
-0.023138163522343297 4.2299497238218464e-14
-0.023118652319990714 0.0
-0.023099141117638135 1.6429912985671535e-13
-0.023079629915285556 6.980527267330672e-15
-0.023060118712932974 0.0
-0.023040607510580395 2.8754776337791554e-14
-0.023021096308227813 0.0
-0.023001585105875234 0.0
-0.022982073903522655 0.0
-0.022962562701170072 0.0
-0.022943051498817493 0.0
-0.02292354029646491 0.0
-0.022904029094112332 0.0
-0.022884517891759753 0.0
-0.02286500668940717 0.0
-0.02284549548705459 0.0
-0.02282598428470201 0.0
-0.02280647308234943 0.0
-0.02278696187999685 9.690859226196835e-14
-0.02276745067764427 1.1794731857861507e-13
-0.02274793947529169 0.0
-0.02272842827293911 2.1517509996016315e-14
-0.02270891707058653 0.0
-0.02268940586823395 0.0
-0.022669894665881367 0.0
-0.022650383463528788 0.0
-0.02263087226117621 0.0
-0.022611361058823626 0.0
-0.022591849856471048 0.0
-0.022572338654118465 0.0
-0.022552827451765886 1.9359513991901167e-14
-0.022533316249413307 7.922135170090883e-14
-0.022513805047060725 2.0800028366352308e-13
-0.022494293844708146 1.9771684289793257e-13
-0.022474782642355563 1.760466772360303e-13
-0.022455271440002984 1.3684886557285836e-13
-0.022435760237650405 1.2069512056456233e-13
-0.022416249035297823 6.798728247048302e-14
-0.022396737832945244 4.2299497238218464e-14
-0.02237722663059266 0.0
-0.022357715428240083 0.0
-0.022338204225887504 0.0
-0.02231869302353492 0.0
-0.022299181821182342 0.0
-0.02227967061882976 2.7255975254547593e-14
-0.02226015941647718 3.372302437298913e-15
-0.022240648214124602 4.213296378452469e-14
-0.02222113701177202 1.6249501744169947e-13
-0.02220162580941944 4.163336342344337e-15
-0.022182114607066858 1.7706669463990465e-13
-0.02216260340471428 8.182343691487404e-14
-0.0221430922023617 1.504352198367087e-13
-0.022123581000009118 0.0
-0.02210406979765654 2.6145752229922437e-14
-0.022084558595303956 0.0
-0.022065047392951377 0.0
-0.022045536190598798 0.0
-0.022026024988246216 1.6903145549918008e-14
-0.022006513785893637 0.0
-0.021987002583541054 0.0
-0.021967491381188475 0.0
-0.021947980178835896 0.0
-0.021928468976483314 0.0
-0.021908957774130735 0.0
-0.021889446571778153 2.6853519408120974e-14
-0.021869935369425574 0.0
-0.021850424167072995 0.0
-0.021830912964720412 0.0
-0.021811401762367833 1.1102230246251565e-14
-0.02179189056001525 0.0
-0.021772379357662672 0.0
-0.021752868155310093 6.0285110237146e-14
-0.02173335695295751 3.4555691641458e-14
-0.02171384575060493 1.0316747456329267e-13
-0.021694334548252352 1.8457457784393227e-14
-0.02167482334589977 8.906764215055318e-14
-0.02165531214354719 4.299338662860919e-14
-0.02163580094119461 6.822320486321587e-14
-0.02161628973884203 8.595901768160275e-14
-0.02159677853648945 1.2256862191861728e-13
-0.021577267334136868 0.0
-0.02155775613178429 1.544597783009749e-13
-0.021538244929431707 0.0
-0.021518733727079128 2.1899149160731213e-14
-0.02149922252472655 0.0
-0.021479711322373966 0.0
-0.021460200120021387 0.0
-0.021440688917668805 0.0
-0.021421177715316226 0.0
-0.021401666512963647 0.0
-0.021382155310611065 0.0
-0.021362644108258486 4.599098879509711e-14
-0.021343132905905903 0.0
-0.021323621703553324 3.3834046675451646e-14
-0.021304110501200745 0.0
-0.021284599298848163 9.564571357145724e-14
-0.021265088096495584 9.697798120100742e-14
-0.021245576894143 3.211320098728265e-14
-0.021226065691790422 0.0
-0.021206554489437843 0.0
-0.02118704328708526 1.1368683772161603e-13
-0.021167532084732682 0.0
-0.0211480208823801 0.0
-0.02112850968002752 0.0
-0.02110899847767494 0.0
-0.02108948727532236 0.0
-0.02106997607296978 1.9984014443252818e-14
-0.021050464870617198 8.570921750106208e-14
-0.02103095366826462 6.389333506717776e-14
-0.02101144246591204 8.962275366286576e-14
-0.020991931263559457 1.5970558209232877e-13
-0.02097242006120688 6.641909244819999e-14
-0.020952908858854296 3.7247982476174e-14
-0.020933397656501717 4.085620730620576e-14
-0.020913886454149138 0.0
-0.020894375251796556 0.0
-0.020874864049443977 0.0
-0.020855352847091394 0.0
-0.020835841644738815 0.0
-0.020816330442386236 0.0
-0.020796819240033654 0.0
-0.020777308037681075 0.0
-0.020757796835328492 2.4868995751603507e-14
-0.020738285632975913 2.3092638912203256e-14
-0.020718774430623334 1.4210854715202004e-14
-0.020699263228270752 2.842170943040401e-14
-0.020679752025918173 1.7053025658242404e-13
-0.02066024082356559 1.1368683772161603e-13
-0.02064072962121301 0.0
-0.020621218418860433 0.0
-0.02060170721650785 3.410605131648481e-13
-0.02058219601415527 0.0
-0.020562684811802692 8.604228440844963e-16
-0.02054317360945011 0.0
-0.02052366240709753 0.0
-0.02050415120474495 0.0
-0.02048464000239237 0.0
-0.02046512880003979 0.0
-0.020445617597687208 0.0
-0.02042610639533463 0.0
-0.020406595192982047 0.0
-0.020387083990629468 0.0
-0.02036757278827689 1.4710455076283324e-15
-0.020348061585924306 6.80566714095221e-14
-0.020328550383571727 7.246980793240709e-14
-0.020309039181219145 9.861556016232953e-14
-0.020289527978866566 5.642708522657358e-14
-0.020270016776513987 1.1546319456101628e-14
-0.020250505574161404 3.9218628344883655e-14
-0.020230994371808825 4.007905118896815e-14
-0.020211483169456243 1.963457174625205e-12
-0.020191971967103664 2.4722113245445598e-11
-0.020172460764751085 2.6269653119470604e-10
-0.020152949562398503 2.391083775421521e-9
-0.020133438360045924 1.8684136904312254e-8
-0.02011392715769334 1.2538182403432074e-7
-0.020094415955340762 7.225725937587413e-7
-0.020074904752988183 3.576162157514773e-6
-0.0200553935506356 1.5200055941022583e-5
-0.020035882348283022 5.5484212907686015e-5
-0.02001637114593044 0.0001739380343224184
-0.01999685994357786 0.00046830194241920253
-0.01997734874122528 0.001082853960497232
-0.0199578375388727 0.0021504711210127425
-0.01993832633652012 0.003667968258014298
-0.019918815134167538 0.005373478751835137
-0.01989930393181496 0.006761372473533811
-0.01987979272946238 0.007307632342644865
-0.019860281527109797 0.00678416242971025
-0.01984077032475722 0.0054101724185784406
-0.019821259122404636 0.0037063090348539163
-0.019801747920052057 0.0021812792355051513
-0.019782236717699478 0.0011029277024916517
-0.019762725515346895 0.00047915944465937166
-0.019743214312994316 0.00017887348380105084
-0.019723703110641734 5.738331520904749e-5
-0.019704191908289155 1.5821429243528806e-5
-0.019684680705936576 3.749551280601837e-6
-0.019665169503583994 7.639178833673821e-7
-0.019645658301231415 1.3381846497573235e-7
-0.019626147098878832 2.0158879204812408e-8
-0.019606635896526253 2.6121317886484974e-9
-0.019587124694173674 2.9127150691365955e-10
-0.019567613491821092 2.8072599800310627e-11
-0.019548102289468513 2.4459045899760667e-12
-0.019528591087115934 1.6484036358122012e-13
-0.01950907988476335 8.423817199343375e-14
-0.019489568682410773 1.6578127759458994e-12
-0.01947005748005819 2.1124713089903935e-11
-0.01945054627770561 2.2507104513458387e-10
-0.019431035075353032 2.054324155231768e-9
-0.01941152387300045 1.6107681327648393e-8
-0.01939201267064787 1.0851402276745858e-7
-0.01937250146829529 6.281926379358982e-7
-0.01935299026594271 3.125347313115423e-6
-0.01933347906359013 1.336449101294046e-5
-0.019313967861237548 4.9126098778523586e-5
-0.01929445665888497 0.00015525381364103752
-0.019274945456532386 0.0004219053209459367
-0.019255434254179808 0.000986079144569163
-0.01923592305182723 0.001982545424861426
-0.019216411849474646 0.003429645640471768
-0.019196900647122067 0.005106224305884477
-0.019177389444769485 0.006544769317611943
-0.019157878242416906 0.0072237178736138385
-0.019138367040064327 0.006868076898835895
-0.019118855837711744 0.005626775574720078
-0.019099344635359165 0.003973563481156656
-0.019079833433006583 0.0024196018537100683
-0.019060322230654004 0.0012708534010727746
-0.019040811028301425 0.0005759342850467086
-0.019021299825948842 0.0002252703559602054
-0.019001788623596264 7.60698173331853e-5
-0.01898227742124368 2.219738824685291e-5
-0.018962766218891102 5.70500359606263e-6
-0.018943255016538523 1.906561786307881e-6
-0.01892374381418594 3.6575109347292134e-6
-0.01890423261183336 1.4639161311197357e-5
-0.01888472140948078 5.3418294630985796e-5
-0.0188652102071282 0.0001678524210910748
-0.01884569900477562 0.00045318866564908467
-0.01882618780242304 0.0010513303153875109
-0.01880667660007046 0.0020957706188448333
-0.018787165397717877 0.0035903364999256004
-0.0187676541953653 0.005286422673413421
-0.01874814299301272 0.006690815662479255
-0.018728631790660137 0.007280297850347506
-0.018709120588307558 0.0068114969221018395
-0.018689609385954976 0.005480729229436182
-0.018670098183602397 0.0037933651136986546
-0.018650586981249818 0.0022589109939837315
-0.018631075778897235 0.0011576282058073373
-0.018611564576544656 0.0005106830963695352
-0.018592053374192074 0.0001939868262308686
-0.018572542171839495 6.346955631567064e-5
-0.018553030969486916 1.7892535877889193e-5
-0.018533519767134334 4.347472372434602e-6
-0.018514008564781755 9.10767226885989e-7
-0.018494497362429172 1.6456197970970976e-7
-0.018474986160076593 2.565336984505784e-8
-0.018455474957724014 3.4513608360153825e-9
-0.01843596375537143 4.0094011444224975e-10
-0.018416452553018853 4.04218880589724e-11
-0.018396941350666274 3.647998569888955e-12
-0.01837743014831369 4.660022367986016e-13
-0.018357918945961112 4.632960681760778e-13
-0.01833840774360853 3.9410835706021885e-12
-0.01831889654125595 4.739207637438625e-11
-0.018299385338903372 5.000032332613813e-10
-0.01827987413655079 4.5413523636073094e-9
-0.01826036293419821 3.54492182830235e-8
-0.018240851731845628 2.377774309669789e-7
-0.01822134052949305 1.3704518358748086e-6
-0.01820182932714047 6.7871938412983335e-6
-0.018182318124787888 2.888415480997719e-5
-0.01816280692243531 0.00010563019583492705
-0.018143295720082726 0.00033197016217428876
-0.018123784517730147 0.0008966565740682053
-0.01810427331537757 0.0020817053383787587
-0.018084762113024986 0.004154899890559283
-0.018065250910672407 0.007131904129396446
-0.018045739708319825 0.010536339666249228
-0.018026228505967246 0.013421737086941027
-0.018006717303614667 0.014809418374224628
-0.017987206101262084 0.0143157187158416
-0.017967694898909505 0.012456675571051276
-0.017948183696556923 0.010317797402494971
-0.017928672494204344 0.00882697657009486
-0.017909161291851765 0.008208355287419783
-0.017889650089499182 0.008000807755350392
-0.017870138887146603 0.007536631874566671
-0.01785062768479402 0.006452223809774046
-0.017831116482441442 0.004866924571476097
-0.017811605280088863 0.0031920483690019846
-0.01779209407773628 0.0018106079122825747
-0.0177725828753837 0.0008862287802787194
-0.01775307167303112 0.0003739203179601025
-0.01773356047067854 0.00013591508145632814
-0.01771404926832596 4.254357014335519e-5
-0.01769453806597338 1.1463971756636715e-5
-0.0176750268636208 2.6585654510496992e-6
-0.017655515661268217 5.304691456653465e-7
-0.01763600445891564 9.10487655686465e-8
-0.01761649325656306 1.3440150214982793e-8
-0.017596982054210477 1.7077662617381861e-9
-0.017577470851857898 2.086369965681456e-10
-0.017557959649505316 2.5729868236012976e-10
-0.017538448447152737 2.202056537115027e-9
-0.017518937244800158 1.7372246391422763e-8
-0.017499426042447575 1.1802731478272044e-7
-0.017479914840094996 6.904455767536843e-7
-0.017460403637742414 3.479846244699991e-6
-0.017440892435389835 1.512144045887065e-5
-0.017421381233037256 5.670454208704656e-5
-0.017401870030684673 0.0001836962334211406
-0.017382358828332094 0.0005147419509583528
-0.017362847625979512 0.0012494472352974212
-0.017343336423626933 0.0026314251244957676
-0.017323825221274354 0.004816878105874112
-0.01730431401892177 0.007677353778804394
-0.017284802816569193 0.010672287436157071
-0.017265291614216614 0.012957660382395597
-0.01724578041186403 0.013755298767956517
-0.017226269209511452 0.012773599255028634
-0.01720675800715887 0.01037593418320125
-0.01718724680480629 0.007367697783198818
-0.017167735602453712 0.0045680590133812815
-0.01714822440010113 0.0024693012728735364
-0.01712871319774855 0.0011617575488597487
-0.017109201995395968 0.000474881216733003
-0.01708969079304339 0.000168358296403201
-0.01707017959069081 5.16860748848158e-5
-0.017050668388338228 1.3721077925091252e-5
-0.01703115718598565 3.145924928740773e-6
-0.017011645983633066 6.223084980244709e-7
-0.016992134781280487 1.0611774539648344e-7
-0.01697262357892791 1.558784373800748e-8
-0.016953112376575326 1.971326157867992e-9
-0.016933601174222747 2.1453677723215492e-10
-0.016914089971870164 2.0118184895778768e-11
-0.016894578769517585 1.7073981117832204e-12
-0.016875067567165006 1.0986350718056315e-13
-0.016855556364812424 8.872763634926173e-14
-0.016836045162459845 0.0
-0.016816533960107263 0.0
-0.016797022757754684 1.444677710793485e-14
-0.016777511555402105 2.5271451598030126e-14
-0.016758000353049522 0.0
-0.016738489150696943 3.472222509515177e-14
-0.01671897794834436 2.5979218776228663e-14
-0.016699466745991782 5.917488721252084e-14
-0.016679955543639203 2.8407831642596193e-14
-0.01666044434128662 0.0
-0.01664093313893404 6.952771691715043e-15
-0.01662142193658146 0.0
-0.01660191073422888 0.0
-0.0165823995318763 0.0
-0.01656288832952372 0.0
-0.01654337712717114 0.0
-0.016523865924818557 0.0
-0.016504354722465978 0.0
-0.0164848435201134 0.0
-0.016465332317760817 8.78325190356577e-14
-0.016445821115408238 1.7649770533978426e-13
-0.016426309913055655 1.801891968966629e-13
-0.016406798710703076 2.0182466808904564e-13
-0.016387287508350497 1.177807851249213e-13
-0.016367776305997915 1.0604017663951026e-13
-0.016348265103645336 6.525335827234358e-14
-0.016328753901292754 0.0
-0.016309242698940175 0.0
-0.016289731496587596 0.0
-0.016270220294235013 0.0
-0.016250709091882434 0.0
-0.016231197889529855 3.1134816946831734e-13
-0.016211686687177273 5.4003468363816864e-12
-0.016192175484824694 6.206263281072211e-11
-0.01617266428247211 5.977857375771833e-10
-0.016153153080119532 4.958786103959056e-9
-0.016133641877766954 3.55234101578894e-8
-0.01611413067541437 2.1978850214821044e-7
-0.016094619473061792 1.1745629919790446e-6
-0.01607510827070921 5.421559386681318e-6
-0.01605559706835663 2.1613007578427657e-5
-0.01603608586600405 7.440269036618208e-5
-0.01601657466365147 0.00022113596438422256
-0.01599706346129889 0.0005673112040299466
-0.015977552258946308 0.0012558904887670919
-0.01595804105659373 0.002398366270947902
-0.01593852985424115 0.0039497499467620045
-0.015919018651888567 0.005607475290720421
-0.01589950744953599 0.00686059975428327
-0.015879996247183406 0.007231195017867675
-0.015860485044830827 0.0065640696012467525
-0.015840973842478248 0.005130037840030632
-0.015821462640125666 0.0034508812228340457
-0.015801951437773087 0.001997508335159076
-0.015782440235420504 0.000994702201825362
-0.015762929033067925 0.00042603946178357277
-0.015743417830715346 0.00015691865921141357
-0.015723906628362764 4.9692636635012555e-5
-0.015704395426010185 1.3528075750612878e-5
-0.015684884223657602 3.1658082009500266e-6
-0.015665373021305024 6.392246874042939e-7
-0.015645861818952445 1.3033013447627528e-7
-0.015626350616599862 1.518177477066729e-7
-0.015606839414247283 7.802554060770683e-7
-0.015587328211894702 3.850870293600761e-6
-0.015567817009542122 1.6424643163759356e-5
-0.015548305807189541 6.04386440663518e-5
-0.01552879460483696 0.00019207832881740217
-0.015509283402484381 0.0005280028066136921
-0.0154897722001318 0.001257842925998176
-0.01547026099777922 0.0026030989965408757
-0.01545074979542664 0.004693181247018341
-0.01543123859307406 0.007395138645096111
-0.01541172739072148 0.010218188393100291
-0.015392216188368899 0.012419521194244165
-0.015372704986016318 0.013311360856956611
-0.015353193783663737 0.01259999351551322
-0.015333682581311158 0.010535385307729683
-0.015314171378958578 0.007773653008275261
-0.015294660176605997 0.005051516658099331
-0.015275148974253416 0.002883364887679818
-0.015255637771900836 0.0014415340418350575
-0.015236126569548257 0.0006295226154073574
-0.015216615367195676 0.00023955610634757152
-0.015197104164843095 7.927438318910962e-5
-0.015177592962490515 2.277619109389284e-5
-0.015158081760137934 5.674100120311998e-6
-0.015138570557785355 1.224470835253788e-6
-0.015119059355432774 2.2871554983261433e-7
-0.015099548153080193 3.6954288629154064e-8
-0.015080036950727613 5.162044069972893e-9
-0.015060525748375032 6.230671256712839e-10
-0.015041014546022453 6.498029891943702e-11
-0.015021503343669872 6.004002850446e-12
-0.015001992141317292 4.0861758421328886e-13
-0.014982480938964711 1.040556529829928e-13
-0.01496296973661213 0.0
-0.014943458534259551 0.0
-0.01492394733190697 1.651179193373764e-13
-0.01490443612955439 4.4020342926387457e-14
-0.01488492492720181 1.0752509993494641e-13
-0.01486541372484923 0.0
-0.01484590252249665 0.0
-0.014826391320144069 0.0
-0.014806880117791488 8.326672684688674e-15
-0.014787368915438907 0.0
-0.014767857713086328 2.65898414397725e-14
-0.014748346510733748 1.7041923427996153e-14
-0.014728835308381167 4.76674255622811e-13
-0.014709324106028586 4.847205969937818e-12
-0.014689812903676006 5.3345106110214147e-11
-0.014670301701323427 5.186093221531962e-10
-0.014650790498970846 4.362549266279103e-9
-0.014631279296618265 3.1728709021239254e-8
-0.014611768094265684 1.9954513438835697e-7
-0.014592256891913104 1.0855968736733779e-6
-0.014572745689560525 5.11131968983225e-6
-0.014553234487207944 2.0840038263442162e-5
-0.014533723284855363 7.364108157034699e-5
-0.014514212082502783 0.00022577361707645793
-0.014494700880150202 0.000601422430075077
-0.014475189677797623 0.0013945240599565756
-0.014455678475445042 0.0028207316433445373
-0.014436167273092462 0.004989594631119837
-0.014416656070739881 0.007738675425288555
-0.0143971448683873 0.01054934175112407
-0.014377633666034721 0.012664252896907119
-0.01435812246368214 0.013403327877573923
-0.01433861126132956 0.01250928299254711
-0.014319100058976979 0.010297240749142983
-0.0142995888566244 0.007506302205147558
-0.01428007765427182 0.0049617602504686276
-0.014260566451919239 0.0032720813643841162
-0.014241055249566658 0.00270521650573205
-0.014221544047214077 0.0032098161058552455
-0.014202032844861498 0.00446545664937964
-0.014182521642508918 0.005932616148026343
-0.014163010440156337 0.006982967155554187
-0.014143499237803756 0.007147163573668985
-0.014123988035451175 0.00635466508385385
-0.014104476833098597 0.004976543357328889
-0.014084965630746016 0.0036277074993570635
-0.014065454428393435 0.0028768742460770214
-0.014045943226040854 0.003034121557447783
-0.014026432023688274 0.004061641946453309
-0.014006920821335695 0.005584631793541656
-0.013987409618983114 0.007026326083205858
-0.013967898416630533 0.007891399786563225
-0.013948387214277953 0.008072765781429903
-0.013928876011925372 0.007931194021141175
-0.013909364809572793 0.008028113707155338
-0.013889853607220212 0.008705102477467253
-0.013870342404867632 0.009854140327246574
-0.01385083120251505 0.011029335865132273
-0.01383132000016247 0.01173669074313105
-0.013811808797809891 0.011649337937387316
-0.01379229759545731 0.010670148512001432
-0.01377278639310473 0.008925096203943578
-0.013753275190752149 0.006736727369340945
-0.01373376398839957 0.0045346018593263315
-0.01371425278604699 0.0026948181382019376
-0.013694741583694409 0.0014032922441253315
-0.013675230381341828 0.0006369871090711743
-0.013655719178989247 0.00025118266230944597
-0.013636207976636668 8.585704949365391e-5
-0.013616696774284088 2.540454122756941e-5
-0.013597185571931507 6.5134950810730174e-6
-0.013577674369578926 1.528610245216111e-6
-0.013558163167226345 8.055204554213713e-7
-0.013538651964873766 2.705931632790426e-6
-0.013519140762521186 1.1478911465967467e-5
-0.013499629560168605 4.257455579478875e-5
-0.013480118357816024 0.0001360097208713551
-0.013460607155463444 0.0003741915810671348
-0.013441095953110865 0.0008869870396710777
-0.013421584750758284 0.0018127765159505205
-0.013402073548405703 0.0031982706007655792
-0.013382562346053123 0.004883421144327937
-0.013363051143700542 0.006488779890005847
-0.013343539941347963 0.0075956295194390955
-0.013324028738995382 0.008041434880066589
-0.013304517536642801 0.008087369197104177
-0.01328500633429022 0.008266877362838598
-0.01326549513193764 0.008999182115174198
-0.013245983929585061 0.010275446928117327
-0.01322647272723248 0.011654022057644764
-0.0132069615248799 0.012523909981704162
-0.013187450322527319 0.012416210671231331
-0.01316793912017474 0.011196463110355687
-0.01314842791782216 0.009103968971575616
-0.013128916715469579 0.00665861387926614
-0.013109405513116998 0.004470841937673498
-0.013089894310764417 0.003036883021362957
-0.013070383108411838 0.0026129862210958477
-0.013050871906059257 0.0031828094224431447
-0.013031360703706677 0.004462663894997165
-0.013011849501354096 0.0059352312969566945
-0.012992338299001515 0.006981262837733149
-0.012972827096648936 0.007130551553991338
-0.012953315894296356 0.006297805799446304
-0.012933804691943775 0.004813636059983195
-0.012914293489591194 0.0032173106506232507
-0.012894782287238614 0.001985142064639067
-0.012875271084886035 0.0013926949546269884
-0.012855759882533454 0.0015404529559318592
-0.012836248680180873 0.002413613687834326
-0.012816737477828292 0.0038588657593670583
-0.012797226275475712 0.005511227578324729
-0.012777715073123133 0.0068215631946609845
-0.012758203870770552 0.00727335033295462
-0.012738692668417971 0.006671633481552086
-0.01271918146606539 0.005262658309838464
-0.012699670263712812 0.003569134738923979
-0.012680159061360231 0.0020808305488406176
-0.01266064785900765 0.001042720327820934
-0.01264113665665507 0.0004490607211650455
-0.012621625454302489 0.0001661894692411292
-0.01260211425194991 5.284742844660628e-5
-0.01258260304959733 1.443882578833211e-5
-0.012563091847244749 3.3892039677796415e-6
-0.012543580644892168 6.834321892301709e-7
-0.012524069442539587 1.183863185816314e-7
-0.012504558240187008 1.761571735703349e-8
-0.012485047037834427 2.251537511988033e-9
-0.012465535835481847 2.470437743262721e-10
-0.012446024633129266 2.320132974631406e-11
-0.012426513430776685 1.972810803607672e-12
-0.012407002228424106 1.4310774787418268e-13
-0.012387491026071526 1.2967404927621828e-13
-0.012367979823718945 1.4994672170587364e-12
-0.012348468621366364 1.8554768832501622e-11
-0.012328957419013784 1.975627439421146e-10
-0.012309446216661205 1.808285410298538e-9
-0.012289935014308624 1.422358514302502e-8
-0.012270423811956043 9.617943830253495e-8
-0.012250912609603462 5.59176626113711e-7
-0.012231401407250882 2.79568516264872e-6
-0.012211890204898303 1.2022218612184332e-5
-0.012192379002545722 4.447667402940336e-5
-0.012172867800193141 0.00014159081914028038
-0.01215335659784056 0.0003879773991845026
-0.012133845395487982 0.0009153117414453793
-0.012114334193135401 0.0018597483392691072
-0.01209482299078282 0.0032553702110982297
-0.01207531178843024 0.004910792232461936
-0.012055800586077659 0.0063863764283646485
-0.01203628938372508 0.007162354708628305
-0.0120167781813725 0.006929440063957737
-0.011997266979019918 0.00578516846580579
-0.011977755776667338 0.004168995577602752
-0.011958244574314757 0.002593877528084376
-0.011938733371962178 0.0013936527199828186
-0.011919222169609597 0.0006467191617084422
-0.011899710967257017 0.00025931571404769205
-0.011880199764904436 9.041073244681064e-5
-0.011860688562551855 3.0208197769554523e-5
-0.011841177360199276 2.1363060324686156e-5
-0.011821666157846696 5.460292143627532e-5
-0.011802154955494115 0.00016824461544240332
-0.011782643753141534 0.0004585245180919739
-0.011763132550788953 0.0010818380565014163
-0.011743621348436374 0.0022142750403574274
-0.011724110146083794 0.003952811625057784
-0.011704598943731213 0.006206148480952189
-0.011685087741378632 0.008677731256214849
-0.011665576539026052 0.010999891893901492
-0.011646065336673473 0.012942358856007363
-0.011626554134320892 0.014536931385381258
-0.011607042931968311 0.016037870409241317
-0.01158753172961573 0.017771413687086624
-0.011568020527263152 0.019954160120950915
-0.011548509324910571 0.022506536322497273
-0.01152899812255799 0.024911698657710146
-0.01150948692020541 0.026274206214207008
-0.011489975717852829 0.025708343700453995
-0.01147046451550025 0.02291561354734828
-0.011450953313147669 0.01853083783952536
-0.011431442110795088 0.013900918343821234
-0.011411930908442508 0.010411462808627259
-0.011392419706089927 0.008845058699369968
-0.011372908503737348 0.00917880634210233
-0.011353397301384767 0.010835580908760245
-0.011333886099032187 0.013082909683422017
-0.011314374896679606 0.015264536703641418
-0.011294863694327025 0.01681023497407791
-0.011275352491974446 0.017237232995100216
-0.011255841289621865 0.016338186559544776
-0.011236330087269285 0.014446371022872773
-0.011216818884916704 0.012450408967396354
-0.011197307682564123 0.011399970902857604
-0.011177796480211544 0.011926317549068699
-0.011158285277858964 0.013878814017289187
-0.011138774075506383 0.016401021684941952
-0.011119262873153802 0.018356130683912397
-0.011099751670801222 0.01883350201043754
-0.011080240468448643 0.017497472496252442
-0.011060729266096062 0.014673261963020323
-0.011041218063743481 0.011191429798044439
-0.0110217068613909 0.008097300275481834
-0.011002195659038322 0.006361662914282251
-0.01098268445668574 0.006672482913391342
-0.01096317325433316 0.009278453153983901
-0.01094366205198058 0.013829441031692424
-0.010924150849627999 0.019286412787216767
-0.01090463964727542 0.0241020650978781
-0.010885128444922839 0.026776302920134554
-0.010865617242570258 0.026576549631882274
-0.010846106040217678 0.0239692825029445
-0.010826594837865097 0.020403742862473373
-0.010807083635512518 0.017498857028839687
-0.010787572433159937 0.016121368482231446
-0.010768061230807357 0.015972291516611392
-0.010748550028454776 0.01597355067960393
-0.010729038826102195 0.015158785312110012
-0.010709527623749616 0.013383509108962244
-0.010690016421397035 0.011340303719634903
-0.010670505219044455 0.009958839613545933
-0.010650994016691874 0.009740212829910888
-0.010631482814339293 0.010521124603656062
-0.010611971611986714 0.011724536775545857
-0.010592460409634134 0.012789063550371793
-0.010572949207281553 0.01345803709883725
-0.010553438004928972 0.013828410594594442
-0.010533926802576392 0.014223714784003583
-0.010514415600223813 0.014979489668003054
-0.010494904397871232 0.016240545876943735
-0.010475393195518651 0.017895520584066738
-0.01045588199316607 0.01968677981981576
-0.010436370790813491 0.021357427091238224
-0.01041685958846091 0.022674476095610463
-0.01039734838610833 0.02336842477288309
-0.01037783718375575 0.02317460138434929
-0.010358325981403169 0.022024982187457298
-0.01033881477905059 0.020205647758822
-0.010319303576698009 0.018284997382021384
-0.010299792374345428 0.016831808286948968
-0.010280281171992848 0.0161244883098135
-0.010260769969640267 0.01606142350257911
-0.010241258767287688 0.016358054009992684
-0.010221747564935107 0.016921127982736928
-0.010202236362582526 0.01810487533086902
-0.010182725160229946 0.02054577856188189
-0.010163213957877365 0.0245663173713071
-0.010143702755524786 0.02957889076581921
-0.010124191553172205 0.034082165055350444
-0.010104680350819625 0.036428171870696247
-0.010085169148467044 0.03583216250183341
-0.010065657946114463 0.03280538440725422
-0.010046146743761884 0.028675530361510937
-0.010026635541409304 0.024661105455038523
-0.010007124339056723 0.02128419869791287
-0.009987613136704142 0.01847586303290427
-0.009968101934351561 0.0160567693314988
-0.009948590731998982 0.014043699736703275
-0.009929079529646402 0.012583912318461898
-0.009909568327293821 0.011779881468839903
-0.00989005712494124 0.011715225479832725
-0.009870545922588661 0.012639332653648694
-0.00985103472023608 0.014996210677178823
-0.0098315235178835 0.01913347874095317
-0.00981201231553092 0.0248943062961815
-0.009792501113178339 0.03143436029759966
-0.00977298991082576 0.0374072141945353
-0.009753478708473179 0.041403659660677605
-0.009733967506120598 0.042437554040495984
-0.009714456303768017 0.04029121136892877
-0.009694945101415437 0.035577528995927254
-0.009675433899062858 0.029490044279845473
-0.009655922696710277 0.023392625568080916
-0.009636411494357696 0.018475461398664295
-0.009616900292005116 0.015571540199387557
-0.009597389089652535 0.015056107081089204
-0.009577877887299956 0.01676087296473716
-0.009558366684947375 0.019979126913428902
-0.009538855482594795 0.023679771392036086
-0.009519344280242214 0.02689875652360829
-0.009499833077889633 0.02910152873536692
-0.009480321875537054 0.03030106822582246
-0.009460810673184473 0.03087075254309124
-0.009441299470831893 0.03116573508359044
-0.009421788268479312 0.031172390911088255
-0.009402277066126733 0.030438395949885955
-0.009382765863774152 0.028423814393935987
-0.009363254661421572 0.02508223777583729
-0.009343743459068991 0.021163824349583693
-0.00932423225671641 0.017863686791651623
-0.009304721054363831 0.016030318951343214
-0.00928520985201125 0.015606265469148783
-0.00926569864965867 0.015788151131150285
-0.00924618744730609 0.01575094569102553
-0.009226676244953508 0.015308645097728446
-0.00920716504260093 0.014982020045005096
-0.009187653840248349 0.015474061208327727
-0.009168142637895768 0.0170306793298724
-0.009148631435543187 0.019197559224261862
-0.009129120233190607 0.021101264131712927
-0.009109609030838028 0.02196555590050414
-0.009090097828485447 0.02147084602564875
-0.009070586626132866 0.019785644369313127
-0.009051075423780286 0.017379791406893885
-0.009031564221427705 0.014821247590342257
-0.009012053019075126 0.012640083751746634
-0.008992541816722545 0.011210044377457318
-0.008973030614369965 0.01062794314250104
-0.008953519412017384 0.010688096525233559
-0.008934008209664803 0.011027412621927801
-0.008914497007312224 0.011346069462123964
-0.008894985804959643 0.011540338571901343
-0.008875474602607063 0.011725566079919203
-0.008855963400254482 0.012244971368116447
-0.008836452197901903 0.0136589928437518
-0.008816940995549322 0.016571555568343777
-0.008797429793196742 0.021246707798213832
-0.008777918590844161 0.027227479666127707
-0.00875840738849158 0.0332756824967097
-0.008738896186139001 0.0377790717821192
-0.00871938498378642 0.03946792053700021
-0.00869987378143384 0.03805132417356863
-0.00868036257908126 0.03437506213105809
-0.008660851376728678 0.029976081672769272
-0.0086413401743761 0.026307572341996877
-0.008621828972023519 0.02411073140744069
-0.008602317769670938 0.02325961998816173
-0.008582806567318357 0.023080951848465647
-0.008563295364965777 0.022907946679579627
-0.008543784162613198 0.022550875863213304
-0.008524272960260617 0.0224230471329232
-0.008504761757908036 0.023225226261123832
-0.008485250555555456 0.025342011888468102
-0.008465739353202875 0.02834944849801066
-0.008446228150850296 0.03107209710334613
-0.008426716948497715 0.03227887836220167
-0.008407205746145134 0.03153647035701562
-0.008387694543792554 0.02950266226990632
-0.008368183341439973 0.02739426972302131
-0.008348672139087394 0.02611046625720334
-0.008329160936734813 0.025763464290726512
-0.008309649734382233 0.025914029434923463
-0.008290138532029652 0.02614333273027536
-0.008270627329677073 0.026372380306384363
-0.008251116127324492 0.02671133167415124
-0.008231604924971912 0.02714857732606052
-0.00821209372261933 0.027512946626349205
-0.00819258252026675 0.02775159846492592
-0.008173071317914171 0.02814515276947005
-0.00815356011556159 0.029151315932755564
-0.00813404891320901 0.03102523139619344
-0.008114537710856429 0.033617788517197406
-0.008095026508503848 0.03651638355622998
-0.00807551530615127 0.03932122848124439
-0.008056004103798689 0.04178751891970804
-0.008036492901446108 0.04378135164727942
-0.008016981699093527 0.045169868606806524
-0.007997470496740947 0.04574908778277019
-0.007977959294388368 0.04523755599706117
-0.007958448092035787 0.04336657073306925
-0.007938936889683206 0.04010476388865156
-0.007919425687330625 0.03591506991409672
-0.007899914484978045 0.03176050161107981
-0.007880403282625466 0.028679798502842246
-0.007860892080272885 0.027170753170034437
-0.007841380877920304 0.02687972680822083
-0.007821869675567724 0.026850764944913577
-0.007802358473215144 0.02611943980336187
-0.007782847270862563 0.024242030393186287
-0.007763336068509983 0.021492338070015937
-0.007743824866157403 0.0186767014456532
-0.007724313663804823 0.016699068757947105
-0.007704802461452242 0.016148762955641632
-0.007685291259099661 0.017151868964418768
-0.0076657800567470815 0.019472342472608137
-0.007646268854394501 0.022646583815340238
-0.007626757652041921 0.026050138855562344
-0.00760724644968934 0.029046016327482438
-0.00758773524733676 0.03134551205502292
-0.00756822404498418 0.03338134822236727
-0.007548712842631599 0.0362695814517638
-0.007529201640279019 0.04117766763693537
-0.0075096904379264385 0.0484427133950103
-0.007490179235573859 0.05706376361943247
-0.007470668033221278 0.06494810137850468
-0.007451156830868697 0.06977485357089988
-0.007431645628516117 0.06998147867202353
-0.007412134426163537 0.06536880026815527
-0.007392623223810957 0.0570761220071625
-0.007373112021458376 0.047021221524780346
-0.007353600819105796 0.0371467232865873
-0.007334089616753216 0.028844826526151307
-0.007314578414400635 0.022771915962261247
-0.007295067212048055 0.019038530750177293
-0.007275556009695474 0.01757622788286585
-0.0072560448073428945 0.018409698263951738
-0.007236533604990314 0.021643671206586904
-0.007217022402637733 0.0271789389475849
-0.007197511200285153 0.03438719951472241
-0.0071779999979325725 0.04206302723694945
-0.007158488795579993 0.048809835832948845
-0.007138977593227412 0.053631303401932034
-0.007119466390874831 0.05624033469801959
-0.0070999551885222514 0.05684705875206096
-0.007080443986169671 0.05573577474318772
-0.007060932783817091 0.05310651784313574
-0.00704142158146451 0.04924543788256179
-0.00702191037911193 0.044690474302271264
-0.00700239917675935 0.04015117062177875
-0.006982887974406769 0.03626518292554848
-0.006963376772054189 0.033389884652262586
-0.006943865569701608 0.03154141690550724
-0.0069243543673490286 0.03051033232897546
-0.006904843164996448 0.03009255186248616
-0.006885331962643867 0.030238442773331084
-0.006865820760291287 0.03093753736852764
-0.006846309557938707 0.03195120029342767
-0.006826798355586127 0.03278040140361833
-0.006807287153233546 0.03308737167019019
-0.006787775950880966 0.033248423176121894
-0.0067682647485283855 0.03439194762639808
-0.006748753546175805 0.037635469816811984
-0.006729242343823225 0.04304415382930725
-0.006709731141470644 0.04927979370716018
-0.006690219939118064 0.05439922937927996
-0.006670708736765484 0.05717797553261271
-0.006651197534412903 0.05780710244452291
-0.006631686332060323 0.05744846624109935
-0.0066121751297077425 0.057219885831277816
-0.006592663927355163 0.05753139550347221
-0.006573152725002582 0.05809634681464014
-0.006553641522650001 0.05826208502316359
-0.006534130320297421 0.0572685455541564
-0.006514619117944841 0.05444252757176828
-0.006495107915592261 0.04950822881535489
-0.00647559671323968 0.04292610447482201
-0.0064560855108871 0.03590547227622065
-0.00643657430853452 0.029919384090235868
-0.006417063106181939 0.026002255993996
-0.006397551903829359 0.024290818995675957
-0.006378040701476778 0.024036970335515245
-0.0063585294991241985 0.02402959694415136
-0.006339018296771618 0.023244843825964395
-0.006319507094419037 0.021476525437001487
-0.006299995892066457 0.019611022763780142
-0.0062804846897138765 0.019290691485639423
-0.006260973487361297 0.022047328520923934
-0.006241462285008716 0.028353386476628245
-0.006221951082656136 0.037153464387387654
-0.0062024398803035554 0.046229931765526436
-0.006182928677950975 0.053292884696305595
-0.006163417475598395 0.0571519751299089
-0.006143906273245814 0.0581439494480563
-0.006124395070893234 0.05751779072540961
-0.006104883868540654 0.05638928465738188
-0.006085372666188073 0.05522700513136096
-0.006065861463835493 0.054177364548881106
-0.006046350261482912 0.053612103196905986
-0.0060268390591303326 0.054135485250219724
-0.006007327856777752 0.05599495484649372
-0.005987816654425172 0.058523150529198306
-0.005968305452072591 0.06021716429675014
-0.005948794249720011 0.05949857471286749
-0.005929283047367431 0.055664678550194024
-0.00590977184501485 0.049380679620929555
-0.00589026064266227 0.04233795495104772
-0.0058707494403096895 0.03630222545679888
-0.005851238237957109 0.032279907190437156
-0.005831727035604529 0.03040971307378134
-0.005812215833251948 0.030474204895561793
-0.005792704630899368 0.03237736282395443
-0.005773193428546788 0.03615154914517671
-0.005753682226194207 0.04170729181875672
-0.005734171023841627 0.048778742396032214
-0.0057146598214890465 0.0570878769496787
-0.005695148619136467 0.06630688024319473
-0.005675637416783886 0.07563054994507791
-0.005656126214431306 0.08344335016128895
-0.005636615012078725 0.08776016189270021
-0.005617103809726145 0.08741958344854273
-0.005597592607373565 0.08311143600513514
-0.005578081405020984 0.077263727646816
-0.005558570202668404 0.0727474693539385
-0.005539059000315824 0.07134804500541403
-0.005519547797963243 0.07304609276487994
-0.005500036595610663 0.0763843641861186
-0.005480525393258082 0.07940684371962048
-0.0054610141909055025 0.08049901084751454
-0.005441502988552922 0.07884309237104947
-0.005421991786200342 0.07459033438536267
-0.005402480583847761 0.06887475996583925
-0.0053829693814951805 0.06355961845450153
-0.005363458179142601 0.060536237765075995
-0.00534394697679002 0.06073717760870423
-0.00532443577443744 0.06349386450409256
-0.0053049245720848594 0.06685008064741993
-0.005285413369732279 0.06875324362465562
-0.005265902167379699 0.06830177102201904
-0.005246390965027118 0.0661809463602812
-0.005226879762674538 0.06407936711411341
-0.005207368560321958 0.06358673552628799
-0.005187857357969377 0.06530040573811695
-0.005168346155616797 0.0686175607238318
-0.005148834953264216 0.07225967822548691
-0.0051293237509116366 0.07519160158098102
-0.005109812548559056 0.07734200990134757
-0.005090301346206476 0.07953952866826222
-0.005070790143853895 0.08256244184055386
-0.005051278941501315 0.08602029092250092
-0.005031767739148735 0.0881766900473101
-0.005012256536796154 0.08711449595079988
-0.004992745334443574 0.0823355696653233
-0.0049732341320909935 0.07538158346286812
-0.004953722929738413 0.06899344705715077
-0.004934211727385833 0.06565291037931369
-0.004914700525033252 0.06662691951266364
-0.004895189322680672 0.07180931501985975
-0.004875678120328092 0.07992619493863251
-0.004856166917975512 0.08878579577431578
-0.004836655715622931 0.09569966982808699
-0.0048171445132703505 0.09821109098982672
-0.004797633310917771 0.09490313239449144
-0.00477812210856519 0.08590903561865998
-0.00475861090621261 0.07296599027118789
-0.004739099703860029 0.05905844101406987
-0.004719588501507449 0.047678754007877036
-0.004700077299154869 0.04175554043349038
-0.004680566096802288 0.04258703318399866
-0.004661054894449708 0.04938974835731756
-0.004641543692097128 0.05985527296426118
-0.004622032489744548 0.07141053929128624
-0.004602521287391967 0.08234091012363276
-0.004583010085039386 0.09213047890922127
-0.0045634988826868065 0.10105732711898463
-0.004543987680334226 0.10949509487319112
-0.004524476477981646 0.11727628018094557
-0.004504965275629065 0.12335812311023098
-0.0044854540732764845 0.1261340353663143
-0.004465942870923905 0.12452803920737635
-0.004446431668571324 0.1192156558025888
-0.004426920466218744 0.11277806953739546
-0.0044074092638661634 0.10829649442591074
-0.004387898061513583 0.10736212545355862
-0.004368386859161003 0.10915529541604255
-0.004348875656808422 0.11138257829403286
-0.004329364454455842 0.11228009047053103
-0.004309853252103262 0.11198848582202534
-0.004290342049750682 0.11214594107594347
-0.004270830847398101 0.11414340098017373
-0.00425131964504552 0.11773513529489638
-0.0042318084426929406 0.12132408134590984
-0.00421229724034036 0.12357373561230822
-0.00419278603798778 0.1247594442739455
-0.004173274835635199 0.12664137473686676
-0.004153763633282619 0.1310600599513541
-0.004134252430930039 0.13848244655823422
-0.004114741228577458 0.14756501275986497
-0.004095230026224878 0.1558560046218932
-0.0040757188238722975 0.16100726963973455
-0.004056207621519718 0.16180488726336545
-0.004036696419167137 0.1586369748458224
-0.004017185216814556 0.1532745864010789
-0.003997674014461976 0.14808777556479316
-0.003978162812109396 0.1451111872412626
-0.003958651609756816 0.1454198882643926
-0.003939140407404235 0.14897326572159184
-0.0039196292050516545 0.1548155297328493
-0.0039001180026990746 0.16151809609616216
-0.003880606800346494 0.16774015794003355
-0.0038610955979939137 0.17259755777505875
-0.0038415843956413334 0.1755315865761816
-0.003822073193288753 0.17587317318204923
-0.003802561990936173 0.17282260618042875
-0.0037830507885835926 0.16626603975552906
-0.003763539586231012 0.15781321364581163
-0.0037440283838784316 0.15087275653489873
-0.0037245171815258513 0.14928750782523387
-0.003705005979173271 0.1553455659927814
-0.0036854947768206908 0.16857393551510963
-0.0036659835744681105 0.18612186926157837
-0.00364647237211553 0.2042991315782125
-0.0036269611697629495 0.21999600700451782
-0.0036074499674103692 0.23108876245228854
-0.003587938765057789 0.2361927790288114
-0.0035684275627052087 0.23477563413532215
-0.0035489163603526284 0.2278124391686424
-0.0035294051580000477 0.21801080150648572
-0.0035098939556474675 0.20883050859876306
-0.003490382753294887 0.20283043400198375
-0.003470871550942307 0.20058538997137543
-0.0034513603485897266 0.2008514996678794
-0.0034318491462371464 0.2017236345845671
-0.0034123379438845657 0.202033746842191
-0.0033928267415319854 0.20212895542010945
-0.003373315539179405 0.20339993116011834
-0.003353804336826825 0.2067734950691201
-0.0033342931344742446 0.21142983676823593
-0.0033147819321216643 0.2150101711105532
-0.0032952707297690836 0.21517270190904086
-0.0032757595274165033 0.2110562649882003
-0.003256248325063923 0.20357214612044716
-0.0032367371227113428 0.19480127589727764
-0.0032172259203587625 0.18729709849170947
-0.003197714718006182 0.18351233816371948
-0.0031782035156536015 0.18514885717256185
-0.0031586923133010212 0.19248982602413095
-0.003139181110948441 0.20404191559150733
-0.0031196699085958607 0.21676408481811357
-0.0031001587062432804 0.227024840551337
-0.0030806475038906997 0.2320819027293232
-0.0030611363015381195 0.23124401524486965
-0.003041625099185539 0.2257709534564784
-0.003022113896832959 0.21760352816417086
-0.0030026026944803786 0.20817877964395531
-0.0029830914921277984 0.19838055703495422
-0.0029635802897752177 0.18930627708195802
-0.0029440690874226374 0.18265930632928476
-0.002924557885070057 0.1801181496571742
-0.002905046682717477 0.182233404166729
-0.0028855354803648966 0.18796571155010672
-0.0028660242780123163 0.1953850435534249
-0.0028465130756597356 0.20292954264360752
-0.0028270018733071553 0.2101592989024249
-0.002807490670954575 0.21762677044473647
-0.0027879794686019948 0.2264144287614273
-0.0027684682662494145 0.2378788363914548
-0.0027489570638968342 0.25336292877183053
-0.0027294458615442535 0.2733518362619589
-0.0027099346591916732 0.2962959753934892
-0.002690423456839093 0.31819157364803685
-0.0026709122544865127 0.33379438158742714
-0.0026514010521339324 0.33903943108743007
-0.002631889849781352 0.3330819221380979
-0.0026123786474287715 0.3185267017316891
-0.002592867445076191 0.29979829008179126
-0.002573356242723611 0.28101351123629315
-0.0025538450403710306 0.26493844413035644
-0.0025343338380184504 0.2534700598266614
-0.0025148226356658697 0.24863189634885569
-0.0024953114333132894 0.25267557642353267
-0.002475800230960709 0.2668866873893276
-0.002456289028608129 0.2900706565126425
-0.0024367778262555486 0.31812486857342603
-0.0024172666239029683 0.3452923509908698
-0.0023977554215503876 0.36644829935672973
-0.0023782442191978073 0.3790821411113938
-0.002358733016845227 0.38390101294263274
-0.0023392218144926468 0.3839156105455535
-0.0023197106121400665 0.38282900240673035
-0.0023001994097874862 0.3838504872607525
-0.0022806882074349055 0.38942003106473466
-0.0022611770050823253 0.40133834800008933
-0.002241665802729745 0.4205277800782451
-0.0022221546003771647 0.44636070757888646
-0.0022026433980245844 0.47620560496530895
-0.002183132195672004 0.5057167671424305
-0.0021636209933194235 0.5298364665712989
-0.002144109790966843 0.5442357248050492
-0.002124598588614263 0.5468816975743784
-0.0021050873862616826 0.5391354851758773
-0.0020855761839091024 0.5255419081340011
-0.002066064981556522 0.511956767649123
-0.0020465537792039414 0.5028160226056604
-0.002027042576851361 0.49924839620673284
-0.002007531374498781 0.499425451053992
-0.0019880201721462006 0.5009518254445857
-0.0019685089697936203 0.5033477673027364
-0.0019489977674410398 0.5084635161567653
-0.0019294865650884595 0.5185213868735541
-0.001909975362735879 0.5337085242500722
-0.0018904641603832988 0.551547539169496
-0.0018709529580307185 0.568465547535455
-0.001851441755678138 0.5820741303605433
-0.0018319305533255577 0.5923438550723868
-0.0018124193509729775 0.6009186323389004
-0.001792908148620397 0.6091638503264968
-0.0017733969462678167 0.6164347866029449
-0.0017538857439152364 0.6200667735429745
-0.001734374541562656 0.6174142898822659
-0.0017148633392100757 0.6084220387482968
-0.0016953521368574954 0.5963641041830094
-0.001675840934504915 0.58578521133885
-0.0016563297321523346 0.5792875207208195
-0.0016368185297997544 0.5759945609726007
-0.0016173073274471739 0.5729367919533932
-0.0015977961250945936 0.5678091662271769
-0.0015782849227420133 0.560415528905428
-0.0015587737203894328 0.5517291214779796
-0.0015392625180368526 0.5420892176872396
-0.001519751315684272 0.5309402508670603
-0.0015002401133316918 0.5188053093324957
-0.0014807289109791115 0.5095292301108284
-0.001461217708626531 0.5099229394542748
-0.0014417065062739508 0.5260135007417346
-0.0014221953039213705 0.558402045536468
-0.00140268410156879 0.6004590437217197
-0.0013831728992162097 0.6409352754662687
-0.0013636616968636295 0.6692084689554474
-0.001344150494511049 0.6798562180332332
-0.0013246392921584687 0.6742632986050058
-0.0013051280898058884 0.6590514959984497
-0.001285616887453308 0.6426959886998667
-0.0012661056851007277 0.632116227213759
-0.0012465944827481474 0.6304299105417814
-0.001227083280395567 0.636199018201485
-0.0012075720780429866 0.6441827524068913
-0.0011880608756904064 0.6476921413615742
-0.0011685496733378259 0.6421646529980194
-0.0011490384709852456 0.6283295279028778
-0.0011295272686326653 0.6126369423410338
-0.0011100160662800848 0.6039292275628689
-0.0010905048639275046 0.6081099323030243
-0.0010709936615749243 0.6243580231790138
-0.0010514824592223438 0.64544357699082
-0.0010319712568697635 0.661790939571251
-0.0010124600545171833 0.6665746359922874
-0.0009929488521646028 0.6588973197568022
-0.0009734376498120225 0.6436860529671825
-0.0009539264474594421 0.6290050099726026
-0.0009344152451068617 0.6226929583513173
-0.0009149040427542815 0.629953499452159
-0.0008953928404017011 0.6522383819162609
-0.0008758816380491207 0.686849219254957
-0.0008563704356965404 0.7271153047036695
-0.0008368592333439601 0.764025782861594
-0.0008173480309913797 0.7898659922206388
-0.0007978368286387994 0.8021982358473287
-0.000778325626286219 0.8048741406973683
-0.0007588144239336386 0.8045698660632379
-0.0007393032215810584 0.8056211663249684
-0.000719792019228478 0.8079358699613124
-0.0007002808168758976 0.809669479546244
-0.0006807696145233173 0.8113905042936267
-0.000661258412170737 0.8172015433448223
-0.0006417472098181566 0.831794059311278
-0.0006222360074655762 0.8563897882041829
-0.0006027248051129959 0.886945187707397
-0.0005832136027604155 0.9154655075608096
-0.0005637024004078352 0.9330962053837641
-0.0005441911980552549 0.9334339302951902
-0.0005246799957026745 0.9150405743085102
-0.0005051687933500941 0.8821763227431458
-0.0004856575909975138 0.8429782695269235
-0.0004661463886449335 0.8057646706323571
-0.00044663518629235315 0.775807306440277
-0.00042712398393977277 0.7546477453743633
-0.00040761278158719244 0.7417954016997954
-0.00038810157923461206 0.7367940895269582
-0.00036859037688203173 0.7398834298203306
-0.0003490791745294514 0.7511042755337898
-0.000329567972176871 0.7690373210721626
-0.0003100567698242907 0.7905516701650659
-0.0002905455674717104 0.8121657236874098
-0.00027103436511913 0.8335805584493686
-0.00025152316276654967 0.8709990595855309
-0.0002320119604139693 1.0261839259669332
-0.00021250075806138896 1.8105908975001608
-0.0001929895557088086 5.40527776226684
-0.00017347835335622828 19.629188380988175
-0.00015396715100364792 67.75858391331934
-0.00013445594865106757 206.370502822242
-0.00011494474629848723 544.5232498743509
-9.543354394590688e-5 1238.7680461914135
-7.592234159332654e-5 2426.138387133761
-5.641113924074619e-5 4088.1513691979862
-3.6899936888165844e-5 5924.867730410551
-1.7388734535585497e-5 7383.641535957053
2.1224678169948505e-6 7910.878241512547
2.1633670169575197e-5 7285.792040307699
4.1144872522155544e-5 5767.321424928358
6.065607487473589e-5 3923.5282685129205
8.016727722731624e-5 2293.8441205493928
9.967847957989658e-5 1152.5414077502096
0.00011918968193247693 497.84331963936603
0.00013870088428505727 185.0964683586592
0.00015821208663763763 59.505049437961794
0.00017772328899021798 16.847311260211264
0.0001972344913427983 4.531265525966684
0.00021674569369537866 1.4869544797015075
0.000236256896047959 0.8309582239054687
0.00025576809840053937 0.7035500733781144
0.0002752793007531197 0.685876104251644
0.0002947905031057001 0.6964529312655534
0.0003143017054582804 0.7158869268612367
0.0003338129078108607 0.73274662020495
0.0003533241101634411 0.7386897473859411
0.00037283531251602143 0.731453979640015
0.00039234651486860176 0.7155360793314838
0.00041185771722118214 0.6988230480377261
0.00043136891957376247 0.6876138896507289
0.00045088012192634285 0.6837926225984426
0.0004703913242789232 0.6858236190823859
0.0004899025266315036 0.6917092293192113
0.0005094137289840838 0.7006112774152354
0.0005289249313366642 0.7118968539064936
0.0005484361336892446 0.7234349459962555
0.0005679473360418249 0.7315631196689547
0.0005874585383944052 0.7329608559341252
0.0006069697407469856 0.7265874668074467
0.0006264809430995659 0.71407248719803
0.0006459921454521463 0.6986726790720376
0.0006655033478047267 0.6839595939084655
0.000685014550157307 0.6729623486220776
0.0007045257525098873 0.6676203721674538
0.0007240369548624677 0.6683469821954184
0.0007435481572150481 0.6740631059196366
0.0007630593595676283 0.6830049065154975
0.0007825705619202087 0.6937004785496363
0.0008020817642727891 0.7051139689129569
0.0008215929666253694 0.7159601731354684
0.0008411041689779498 0.7243404684957397
0.0008606153713305301 0.7284435537641397
0.0008801265736831104 0.7276153741940056
0.0008996377760356908 0.7226743103612332
0.0009191489783882712 0.7153974386911979
0.0009386601807408514 0.7079344378180024
0.0009581713830934318 0.7024089876124596
0.000977682585446012 0.7002176960399937
0.0009971937877985926 0.7008885859744842
0.0010167049901511729 0.7013749349032523
0.0010362161925037531 0.696907092343959
0.0010557273948563336 0.6835293136282641
0.001075238597208914 0.6610208065327896
0.0010947497995614942 0.6341866447387023
0.0011142610019140747 0.611221068856087
0.001133772204266655 0.5997827641402116
0.0011532834066192352 0.6032058600463707
0.0011727946089718157 0.6192657413918136
0.001192305811324396 0.6419811747493988
0.0012118170136769765 0.6648188451096492
0.0012313282160295567 0.683158899732631
0.001250839418382137 0.694963075032605
0.0012703506207347175 0.6999395126699679
0.0012898618230872978 0.6982275834767687
0.001309373025439878 0.6897283950332673
0.0013288842277924585 0.6747362167321956
0.0013483954301450388 0.6554263204988894
0.001367906632497619 0.6366501358726302
0.0013874178348501996 0.624602662407234
0.0014069290372027798 0.6236081506388235
0.00142644023955536 0.6331555666791749
0.0014459514419079406 0.6475553076572793
0.0014654626442605209 0.6587732840712742
0.0014849738466131011 0.6606181440958488
0.0015044850489656816 0.6515050179440018
0.001523996251318262 0.6341999032444328
0.0015435074536708422 0.6131636274156768
0.0015630186560234227 0.5915819642828195
0.001582529858376003 0.5699906439042904
0.0016020410607285832 0.5470614309384162
0.0016215522630811637 0.5217000111367666
0.001641063465433744 0.4949196071859638
0.0016605746677863242 0.47023690260290407
0.0016800858701389047 0.45232848583577684
0.001699597072491485 0.44475618574440445
0.0017191082748440653 0.4480825915201089
0.0017386194771966458 0.4594185748247707
0.001758130679549226 0.47360708765452864
0.0017776418819018063 0.48535541382408687
0.0017971530842543868 0.4911828335744832
0.001816664286606967 0.49026666666003854
0.0018361754889595473 0.4839768645964941
0.0018556866913121278 0.4746995638802932
0.001875197893664708 0.4649506387558192
0.0018947090960172886 0.45726687785569375
0.0019142202983698689 0.45419104090678875
0.0019337315007224491 0.45729124358680634
0.0019532427030750296 0.4655503109743758
0.00197275390542761 0.475037271434395
0.00199226510778019 0.4809956281050012
0.0020117763101327704 0.4808554249755007
0.0020312875124853507 0.4755648512504176
0.0020507987148379314 0.4684490984107811
0.0020703099171905117 0.4630775933515622
0.002089821119543092 0.4618660226989915
0.0021093323218956722 0.4658991189672802
0.0021288435242482525 0.47545841319350657
0.0021483547266008328 0.49044997046163274
0.0021678659289534135 0.5101441818686496
0.0021873771313059938 0.532413474144257
0.002206888333658574 0.5535208301056017
0.0022263995360111543 0.5693319960534283
0.0022459107383637346 0.5774048237442188
0.0022654219407163153 0.5782420589308579
0.0022849331430688955 0.5745244042317292
0.002304444345421476 0.5689388341290083
0.002323955547774056 0.5624658189867527
0.0023434667501266364 0.5544547448564221
0.0023629779524792166 0.5440801495099686
0.0023824891548317973 0.5316374873632709
0.0024020003571843776 0.5186919151826411
0.002421511559536958 0.5074218436661255
0.002441022761889538 0.4999272742669355
0.0024605339642421184 0.4976422684096201
0.0024800451665946987 0.5006099318168973
0.0024995563689472794 0.5068714322785322
0.0025190675712998597 0.5127111600094372
0.00253857877365244 0.5140766966215782
0.0025580899760050202 0.5084871477363266
0.0025776011783576005 0.4962308549192546
0.0025971123807101808 0.48014226476454064
0.0026166235830627615 0.4641817209633162
0.0026361347854153418 0.45159401031877155
0.002655645987767922 0.4434630313851885
0.0026751571901205023 0.43835364030753354
0.0026946683924730826 0.43339030648584553
0.002714179594825663 0.4262948469540509
0.0027336907971782435 0.41703702238302265
0.002753201999530824 0.4078839726685183
0.002772713201883404 0.4019930902189809
0.0027922244042359844 0.4019451004696667
0.0028117356065885646 0.4092611338415104
0.002831246808941145 0.4244371579446997
0.0028507580112937256 0.4464878582379065
0.002870269213646306 0.47226483078255693
0.002889780415998886 0.4969288009531628
0.0029092916183514664 0.5158896788718605
0.0029288028207040467 0.526521774381591
0.0029483140230566274 0.527997118575728
0.0029678252254092077 0.5198956675409465
0.002987336427761788 0.501745964720355
0.0030068476301143682 0.4742723886683466
0.0030263588324669485 0.4407358897216271
0.0030458700348195288 0.4064346713775467
0.0030653812371721095 0.3764374075970216
0.0030848924395246898 0.3534744018359982
0.00310440364187727 0.33768830223742075
0.0031239148442298503 0.32816024880319516
0.0031434260465824306 0.32462676188488493
0.003162937248935011 0.32781880167298527
0.0031824484512875915 0.338211200502614
0.003201959653640172 0.3544871711920548
0.003221470855992752 0.37338154956277275
0.0032409820583453324 0.39130062344660155
0.0032604932606979126 0.40627449677315963
0.003280004463050493 0.4183081360104084
0.0032995156654030736 0.4278477932108329
0.003319026867755654 0.4342134381461196
0.003338538070108234 0.4359330244524241
0.0033580492724608144 0.43268671522786006
0.0033775604748133947 0.4266358139080735
0.003397071677165975 0.42150643493444895
0.0034165828795185557 0.42002820920790956
0.003436094081871136 0.4217740184012301
0.0034556052842237162 0.42317673434844505
0.0034751164865762965 0.42003310066228594
0.0034946276889288768 0.41082318035344145
0.003514138891281457 0.3980315599233358
0.0035336500936340377 0.3860726323796888
0.003553161295986618 0.37766821888119495
0.0035726724983391983 0.3721006593467179
0.0035921837006917786 0.366753192006519
0.003611694903044359 0.3601025835483359
0.0036312061053969395 0.3533114169641257
0.00365071730774952 0.3492948072701857
0.0036702285101021 0.35038672610932997
0.0036897397124546804 0.35648579541954645
0.0037092509148072606 0.3647824677861361
0.003728762117159841 0.37110607440100507
0.0037482733195124216 0.37227129087606725
0.003767784521865002 0.3682135840270733
0.003787295724217582 0.3623219759281359
0.0038068069265701624 0.3592911339339163
0.0038263181289227427 0.3619267467086679
0.003845829331275323 0.369427884635204
0.0038653405336279037 0.37826557928237203
0.003884851735980484 0.3844944061665323
0.0039043629383330642 0.38563086515895006
0.0039238741406856445 0.38122547164913667
0.003943385343038225 0.3723746725824445
0.003962896545390805 0.3608530441517484
0.003982407747743386 0.3484797666574787
0.004001918950095966 0.33689990251092644
0.004021430152448546 0.32740334627867596
0.004040941354801127 0.320432926105071
0.004060452557153707 0.31520562770392385
0.0040799637595062875 0.3102641264731906
0.004099474961858867 0.3048487602257955
0.004118986164211448 0.29973784896878686
0.004138497366564028 0.2965391111693376
0.004158008568916609 0.2962209957912367
0.004177519771269189 0.298566358392937
0.004197030973621769 0.30290597150007986
0.00421654217597435 0.3088091505374836
0.00423605337832693 0.31573292521654395
0.00425556458067951 0.3223560181236439
0.004275075783032091 0.3269244470539162
0.004294586985384671 0.3286240444282469
0.004314098187737252 0.3285393207799743
0.0043336093900898315 0.32896630990649256
0.004353120592442412 0.3315157930479664
0.004372631794794993 0.3357915943995371
0.004392142997147573 0.33998978944438035
0.0044116541995001535 0.3428659293810199
0.004431165401852733 0.3450388595478664
0.004450676604205314 0.3481545797675629
0.004470187806557894 0.35263900863307907
0.0044896990089104746 0.35639667657536256
0.004509210211263055 0.35602455543309386
0.004528721413615635 0.3496138135045448
0.004548232615968216 0.3386369858742957
0.004567743818320796 0.3273486078479513
0.004587255020673376 0.32039361501595787
0.004606766223025957 0.32054004410114345
0.004626277425378537 0.32773984517563015
0.004645788627731118 0.3393601311670018
0.0046652998300836974 0.3510254795270633
0.004684811032436278 0.3579892655328223
0.004704322234788858 0.3569408910690015
0.004723833437141439 0.3473142532742955
0.004743344639494019 0.3309629723450199
0.004762855841846599 0.31047976060203714
0.00478236704419918 0.28791192094603024
0.00480187824655176 0.2650172260571352
0.0048213894489043405 0.24413846439633058
0.004840900651256921 0.22803465621194322
0.004860411853609501 0.21850877705298521
0.004879923055962082 0.21520610791928785
0.004899434258314662 0.21561004085567165
0.004918945460667242 0.21600813652241227
0.004938456663019823 0.21282889629536922
0.004957967865372403 0.2040414585366293
0.0049774790677249835 0.19010867839738305
0.004996990270077563 0.1736832887725182
0.005016501472430144 0.15800557712852642
0.005036012674782724 0.14524177422032863
0.005055523877135305 0.13604547393209118
0.005075035079487885 0.1302887717374816
0.005094546281840465 0.12789899263919485
0.005114057484193046 0.12901885044966974
0.005133568686545626 0.13350117130129657
0.005153079888898206 0.14019270979888857
0.005172591091250787 0.1466217331958114
0.005192102293603367 0.1496530974660626
0.005211613495955948 0.14706267180223687
0.0052311246983085275 0.13902749989125687
0.005250635900661108 0.1282684033118823
0.005270147103013688 0.11853039422191301
0.005289658305366269 0.11239681340370744
0.0053091695077188495 0.10992580139643365
0.005328680710071429 0.10901497355707021
0.00534819191242401 0.10727146853112271
0.00536770311477659 0.10411904436102766
0.0053872143171291706 0.10154558353236674
0.005406725519481751 0.10276660200783
0.005426236721834331 0.10973874534404215
0.005445747924186912 0.12149018131634119
0.005465259126539492 0.13456644222636444
0.005484770328892072 0.14507311096302528
0.005504281531244652 0.1505650555434566
0.005523792733597233 0.1505135713441082
0.005543303935949814 0.14561068424241502
0.0055628151383023934 0.13705800092635445
0.005582326340654974 0.12646044132972353
0.005601837543007554 0.11590125501754453
0.005621348745360135 0.10750918280815296
0.005640859947712715 0.1025242204459553
0.005660371150065295 0.10062900901624852
0.005679882352417876 0.10026720954137867
0.005699393554770456 0.09981883739641835
0.0057189047571230365 0.0987146786251278
0.005738415959475617 0.09769625458584938
0.005757927161828197 0.09826321915558722
0.005777438364180778 0.10188244190670576
0.005796949566533358 0.10932633355952089
0.005816460768885938 0.12017441003055945
0.005835971971238518 0.13258927976307489
0.005855483173591099 0.1436686271041176
0.0058749943759436795 0.15050565995105764
0.005894505578296259 0.1516080465175318
0.00591401678064884 0.1479073789079522
0.00593352798300142 0.14260203067872726
0.005953039185354001 0.13969112348229012
0.005972550387706581 0.1419582571694
0.005992061590059161 0.1495862881754227
0.006011572792411742 0.16012295605401655
0.006031083994764322 0.16965810784767216
0.006050595197116902 0.1745410227288014
0.006070106399469482 0.17288504111026365
0.006089617601822063 0.1652365920758309
0.006109128804174644 0.1541242871732115
0.0061286400065272235 0.14277462061976715
0.006148151208879804 0.1337198191451095
0.006167662411232384 0.12795121431136958
0.006187173613584965 0.12482956700432674
0.0062066848159375455 0.12259443803292204
0.006226196018290125 0.11920063769092049
0.006245707220642706 0.11318999613288191
0.006265218422995286 0.10426021769243282
0.0062847296253478666 0.0932758382533451
0.006304240827700447 0.0818208638116575
0.006323752030053027 0.07173820355628295
0.006343263232405608 0.06496499859585902
0.006362774434758188 0.0634111043941309
0.006382285637110768 0.06835460732141715
0.006401796839463348 0.0793557642054491
0.006421308041815929 0.09354763565475362
0.00644081924416851 0.10629771519860222
0.0064603304465210894 0.11323397193012891
0.00647984164887367 0.11234259373682177
0.00649935285122625 0.10462724314788086
0.006518864053578831 0.0930221611500524
0.006538375255931411 0.08068016586991553
0.006557886458283991 0.06996891929613322
0.006577397660636572 0.06248666270025921
0.006596908862989152 0.05943180002212936
0.0066164200653417325 0.06164056657149941
0.006635931267694312 0.06921231766323108
0.006655442470046893 0.08109370717526568
0.006674953672399474 0.095024748380784
0.006694464874752054 0.10804818112347792
0.006713976077104634 0.11748786135627344
0.006733487279457214 0.12194934373586136
0.006752998481809795 0.12170535999845583
0.0067725096841623755 0.118144842871518
0.006792020886514955 0.11271769902220588
0.006811532088867536 0.10628277817544346
0.006831043291220116 0.09933192432259416
0.006850554493572697 0.09260262730007982
0.0068700656959252765 0.08721211077775913
0.006889576898277857 0.08409437128682008
0.006909088100630438 0.08337235279176823
0.006928599302983018 0.0843365189927816
0.006948110505335598 0.08601433103663775
0.006967621707688178 0.08780015613107393
0.006987132910040759 0.08970294042973194
0.00700664411239334 0.09208771359529215
0.0070261553147459195 0.0950223424847377
0.0070456665170985 0.0976398977236927
0.00706517771945108 0.09819849560815719
0.007084688921803661 0.09516164141632838
0.0071042001241562415 0.08857288795203393
0.007123711326508821 0.08038603670813503
0.007143222528861402 0.07322160012906952
0.007162733731213982 0.0685367799220722
0.0071822449335665626 0.06574907863120374
0.007201756135919142 0.06292109714958405
0.007221267338271723 0.05830743892309308
0.007240778540624304 0.05160228902067748
0.007260289742976884 0.044200414059306956
0.007279800945329464 0.0385047171849902
0.007299312147682044 0.03674890195395483
0.007318823350034625 0.03990738617399946
0.007338334552387206 0.04717142539880553
0.0073578457547397854 0.056221707828686296
0.007377356957092366 0.06415199906887284
0.007396868159444946 0.06858117357486516
0.007416379361797527 0.06846103768989795
0.0074358905641501065 0.064341078800569
0.007455401766502687 0.058133925633474
0.007474912968855268 0.052517586700703306
0.007494424171207848 0.05006407932015669
0.0075139353735604285 0.05223937997292344
0.007533446575913008 0.05866501734638044
0.007552957778265589 0.0671701622745785
0.00757246898061817 0.07479926554811228
0.00759198018297075 0.07920674716960319
0.00761149138532333 0.07950874361526217
0.00763100258767591 0.07616169655345764
0.007650513790028491 0.07029450248741945
0.0076700249923810715 0.06319896049915127
0.007689536194733651 0.05619123761097622
0.007709047397086232 0.050504145866106714
0.007728558599438812 0.046909136981689636
0.007748069801791393 0.04527307896200197
0.0077675810041439725 0.044566065052613874
0.007787092206496553 0.043518733766933326
0.007806603408849134 0.04148372062253014
0.007826114611201715 0.03882440505190374
0.007845625813554294 0.03661162099018264
0.007865137015906874 0.03599286371482066
0.007884648218259455 0.03766781806429084
0.007904159420612036 0.0415805982638974
0.007923670622964616 0.04679228267803531
0.007943181825317195 0.0516425963444028
0.007962693027669776 0.05432382189732529
0.007982204230022357 0.05366245425345212
0.008001715432374937 0.049614872090450735
0.008021226634727518 0.04316515937597215
0.008040737837080097 0.03580509891316516
0.008060249039432678 0.02902262120752866
0.008079760241785259 0.024032438737185496
0.00809927144413784 0.02169618248112798
0.008118782646490418 0.022490732399251534
0.008138293848842999 0.0264249584399123
0.00815780505119558 0.03289909223492951
0.00817731625354816 0.04068194865048727
0.008196827455900741 0.04826705424640271
0.00821633865825332 0.05457399291107107
0.0082358498606059 0.059480434165067264
0.008255361062958481 0.06362303290595095
0.008274872265311062 0.06751323394069186
0.008294383467663643 0.07070921440359135
0.008313894670016222 0.07182381480626585
0.008333405872368803 0.0694413292756878
0.008352917074721383 0.0632356071806151
0.008372428277073964 0.05445426849784604
0.008391939479426545 0.04549153536249248
0.008411450681779124 0.038903316932106774
0.008430961884131704 0.03640480210027203
0.008450473086484285 0.03820851014262311
0.008469984288836866 0.0429004525260587
0.008489495491189446 0.04801248472629599
0.008509006693542025 0.05123364380759732
0.008528517895894606 0.05170039943700061
0.008548029098247187 0.0504912614586239
0.008567540300599768 0.049863437165016816
0.008587051502952348 0.05171065913942699
0.008606562705304927 0.056355754337574365
0.008626073907657508 0.06252060781367547
0.008645585110010089 0.06835889520958763
0.00866509631236267 0.07261475407249374
0.008684607514715248 0.07499538749374232
0.008704118717067829 0.07566008555846948
0.00872362991942041 0.07451862917201116
0.00874314112177299 0.07106129951891454
0.008762652324125571 0.06481961704054376
0.00878216352647815 0.0559927795375188
0.00880167472883073 0.04571815189797235
0.008821185931183311 0.03577146020768396
0.008840697133535892 0.02783572467558315
0.008860208335888473 0.022741311303263956
0.008879719538241052 0.020173521097291314
0.008899230740593633 0.019111900812728067
0.008918741942946213 0.01872411065172397
0.008938253145298794 0.01900935192408193
0.008957764347651375 0.020651743635840325
0.008977275550003954 0.024224597398105535
0.008996786752356534 0.029439728620557937
0.009016297954709115 0.03505616651979279
0.009035809157061696 0.03949610867803113
0.009055320359414277 0.041704883371807916
0.009074831561766855 0.04169677636182301
0.009094342764119436 0.04050133413503418
0.009113853966472017 0.03959675440205063
0.009133365168824598 0.04016329049339937
0.009152876371177178 0.04253300920064851
0.009172387573529757 0.046088775173561025
0.009191898775882338 0.04965404247022409
0.009211409978234919 0.052178127192892276
0.0092309211805875 0.0533126945143394
0.009250432382940078 0.053442745290595894
0.009269943585292659 0.0530810052622428
0.00928945478764524 0.05213959460820661
0.00930896598999782 0.04984742889314475
0.009328477192350401 0.045526352958177085
0.00934798839470298 0.039528884894025396
0.00936749959705556 0.03337791021272096
0.009387010799408142 0.028883631391408926
0.009406522001760722 0.026999780752524488
0.009426033204113303 0.027417128108990413
0.009445544406465882 0.029158490211401294
0.009465055608818463 0.03147803496598847
0.009484566811171043 0.03415289106610081
0.009504078013523624 0.037012906624547315
0.009523589215876205 0.03944265987077902
0.009543100418228784 0.04056944588097222
0.009562611620581364 0.03995984958861412
0.009582122822933945 0.03801990462776855
0.009601634025286526 0.03569108744053137
0.009621145227639107 0.03385546849589305
0.009640656429991686 0.03304866912144841
0.009660167632344266 0.03353848905264953
0.009679678834696847 0.03537961930045272
0.009699190037049428 0.038227079332891434
0.009718701239402008 0.0411524703364462
0.009738212441754587 0.042849091133860956
0.009757723644107168 0.04227366093559126
0.009777234846459749 0.03931409406949646
0.00979674604881233 0.03494588714343916
0.009816257251164908 0.030684868035699253
0.009835768453517489 0.02769641288934821
0.00985527965587007 0.02621179594061296
0.00987479085822265 0.02564796176757511
0.009894302060575231 0.025239712550785498
0.00991381326292781 0.024622859387761764
0.009933324465280391 0.023967374111293793
0.009952835667632972 0.02370607822706461
0.009972346869985552 0.024172027255190187
0.009991858072338133 0.025387792366586837
0.010011369274690712 0.02705073736706254
0.010030880477043293 0.02865656096287239
0.010050391679395873 0.02970380334301126
0.010069902881748454 0.029910417198323103
0.010089414084101035 0.02932845924132721
0.010108925286453614 0.028262271713501264
0.010128436488806195 0.027033021499686782
0.010147947691158775 0.025780642991450886
0.010167458893511356 0.024477966548693164
0.010186970095863937 0.023124070342561087
0.010206481298216516 0.021888144640516943
0.010225992500569096 0.0210211642838668
0.010245503702921677 0.020605848736982818
0.010265014905274258 0.020396117187969853
0.010284526107626837 0.019920825322406632
0.010304037309979417 0.01879368801904771
0.010323548512331998 0.01699474916740462
0.010343059714684579 0.01489261782156795
0.01036257091703716 0.01297238522807187
0.010382082119389738 0.011498093619256133
0.01040159332174232 0.010416722560231365
0.0104211045240949 0.00956648107735876
0.01044061572644748 0.008921779247913347
0.010460126928800061 0.008584502867322513
0.01047963813115264 0.008560124426921473
0.010499149333505221 0.00863998562005136
0.010518660535857802 0.008599459199072207
0.010538171738210382 0.008543643962002828
0.010557682940562963 0.009021788425756794
0.010577194142915542 0.01072212287698271
0.010596705345268123 0.013955791844484672
0.010616216547620703 0.018356479864529457
0.010635727749973284 0.023051001255744163
0.010655238952325865 0.027135238464869815
0.010674750154678444 0.030016534927107763
0.010694261357031025 0.03136511200532344
0.010713772559383605 0.030885614641792403
0.010733283761736186 0.02832379781823166
0.010752794964088767 0.02378736499129483
0.010772306166441346 0.017999350739007353
0.010791817368793926 0.012113157206511432
0.010811328571146507 0.007184002801678496
0.010830839773499088 0.003732663722127827
0.010850350975851667 0.0016968570658531246
0.010869862178204247 0.0006924066253337635
0.010889373380556828 0.0003218507350852551
0.010908884582909409 0.00036117623701750756
0.01092839578526199 0.0008190077163899578
0.010947906987614569 0.0019205339147347622
0.01096741818996715 0.004025620228510274
0.01098692939231973 0.00745507668662676
0.01100644059467231 0.012251804776338776
0.011025951797024891 0.018009676382289425
0.01104546299937747 0.02392042989700932
0.011064974201730051 0.029030500707587892
0.011084485404082632 0.03251092713971711
0.011103996606435212 0.03378061581624929
0.011123507808787793 0.032565133594933876
0.011143019011140372 0.029053855053586403
0.011162530213492953 0.024057377007543207
0.011182041415845534 0.01884310493411498
0.011201552618198114 0.014568733900839917
0.011221063820550695 0.011716694594134214
0.011240575022903274 0.010025251903079652
0.011260086225255855 0.008949655457157701
0.011279597427608435 0.008191647854890169
0.011299108629961016 0.007837069255332993
0.011318619832313597 0.008079906789669938
0.011338131034666176 0.008891475702645368
0.011357642237018756 0.009957073029650043
0.011377153439371337 0.010864801707203664
0.011396664641723918 0.011299607480227111
0.011416175844076497 0.011096400107986057
0.011435687046429078 0.010238200085973925
0.011455198248781658 0.008910657007797404
0.011474709451134239 0.0075380117157541615
0.01149422065348682 0.0066411329436096705
0.011513731855839399 0.006534636179640507
0.01153324305819198 0.007102817000182907
0.01155275426054456 0.007881180176315172
0.01157226546289714 0.008409293142475294
0.011591776665249721 0.008557322060412209
0.0116112878676023 0.008529393122076671
0.011630799069954881 0.008548488297041704
0.011650310272307462 0.00854957726512523
0.011669821474660043 0.008199944643966686
0.011689332677012623 0.007217734880605758
0.011708843879365202 0.0056555418900589155
0.011728355081717783 0.0038855615324661363
0.011747866284070364 0.002349240582308579
0.011767377486422944 0.001333692031781103
0.011786888688775525 0.0009385400306433506
0.011806399891128104 0.0011774131792125983
0.011825911093480685 0.002055819722306479
0.011845422295833265 0.003536403844173988
0.011864933498185846 0.005447227776402892
0.011884444700538427 0.007476141335717765
0.011903955902891006 0.00932511523551189
0.011923467105243587 0.010903863548018894
0.011942978307596167 0.012332782178065625
0.011962489509948748 0.013688510654257156
0.011982000712301327 0.01473145590451843
0.012001511914653908 0.014936514591590982
0.012021023117006488 0.013861130560104053
0.012040534319359069 0.011530312072139164
0.01206004552171165 0.008491615148065804
0.012079556724064229 0.005511689130805748
0.01209906792641681 0.0031965704430355
0.01211857912876939 0.0018255163327430268
0.01213809033112197 0.0014486172653551052
0.012157601533474552 0.0020755305005345226
0.01217711273582713 0.003743510533401495
0.012196623938179711 0.006379581975836851
0.012216135140532292 0.009566896705815404
0.012235646342884873 0.012465910519349907
0.012255157545237453 0.014082127969038988
0.012274668747590032 0.013782986558189075
0.012294179949942613 0.011683880461998433
0.012313691152295194 0.008575046350437286
0.012333202354647774 0.005446453709749367
0.012352713557000355 0.0029925003920063184
0.012372224759352934 0.0014219749091591918
0.012391735961705515 0.0005857188937286317
0.012411247164058095 0.00021617344192362276
0.012430758366410676 9.810716311279416e-5
0.012450269568763257 0.0001297283249001996
0.012469780771115836 0.0003207647301286462
0.012489291973468417 0.000767910770024624
0.012508803175820997 0.001602801407719498
0.012528314378173578 0.002890545765719045
0.012547825580526157 0.004501660618846576
0.012567336782878738 0.006054784893689602
0.012586847985231318 0.007033902407956823
0.012606359187583899 0.007057974927856023
0.01262587038993648 0.006117185499122962
0.012645381592289059 0.00458027926998765
0.01266489279464164 0.0029681119667165703
0.01268440399699422 0.0016860893499952637
0.012703915199346801 0.0009096672429240657
0.012723426401699382 0.0006517148576817219
0.01274293760405196 0.0008949736013936227
0.012762448806404541 0.0016557538520803536
0.012781960008757122 0.002924118615578411
0.012801471211109703 0.0045327748066756254
0.012820982413462283 0.006088306859674743
0.012840493615814862 0.007086682303262426
0.012860004818167443 0.0071935665237307204
0.012879516020520024 0.0064980662148614934
0.012899027222872604 0.00552907796008743
0.012918538425225185 0.005000020472897625
0.012938049627577764 0.005446358851191761
0.012957560829930345 0.0069641188352393135
0.012977072032282926 0.009161438287411408
0.012996583234635506 0.011319000824317131
0.013016094436988085 0.012678151894278192
0.013035605639340666 0.012736543132005194
0.013055116841693247 0.011433965537898258
0.013074628044045827 0.00915725848736388
0.013094139246398408 0.006569365522476913
0.013113650448750987 0.004352050983978534
0.013133161651103568 0.002993903134945467
0.013152672853456148 0.0027007269583997143
0.01317218405580873 0.003395208895582029
0.01319169525816131 0.00473595417652237
0.013211206460513889 0.006166445774547027
0.01323071766286647 0.0070713630355763515
0.01325022886521905 0.00703657282537162
0.013269740067571631 0.006054471622463659
0.013289251269924212 0.004500629840494007
0.01330876247227679 0.0028895327702764158
0.013328273674629371 0.001601964890352199
0.013347784876981952 0.0007667513960621271
0.013367296079334533 0.0003167532277808735
0.013386807281687113 0.00011290837663114131
0.013406318484039692 3.471623200353158e-5
0.013425829686392273 9.20441361906138e-6
0.013445340888744854 2.103632165337266e-6
0.013464852091097435 4.1429276410182014e-7
0.013484363293450015 7.028555524396518e-8
0.013503874495802594 1.0268591962847573e-8
0.013523385698155175 1.2914705450894903e-9
0.013542896900507756 1.398471165259263e-10
0.013562408102860336 1.2991902692549573e-11
0.013581919305212915 1.0602421718353128e-12
0.013601430507565496 6.385517115070627e-14
0.013620941709918077 0.0
0.013640452912270657 0.0
0.013659964114623238 0.0
0.013679475316975817 0.0
0.013698986519328398 0.0
0.013718497721680979 2.7294139171019083e-14
0.01373800892403356 0.0
0.01375752012638614 0.0
0.013777031328738719 0.0
0.0137965425310913 0.0
0.01381605373344388 0.0
0.013835564935796461 7.204757623835434e-13
0.013855076138149042 7.719856004451131e-12
0.01387458734050162 8.53428716585114e-11
0.013894098542854201 8.044168282872466e-10
0.013913609745206782 6.540923691567002e-9
0.013933120947559363 4.5881108384770997e-8
0.013952632149911944 2.7774271643687953e-7
0.013972143352264522 1.4513872612954837e-6
0.013991654554617103 6.548693722720211e-6
0.014011165756969684 2.551722781330562e-5
0.014030676959322265 8.587579564990622e-5
0.014050188161674845 0.00024962595773679944
0.014069699364027424 0.0006267360884104518
0.014089210566380005 0.0013590057980841343
0.014108721768732586 0.002544709034048966
0.014128232971085166 0.004113858391309419
0.014147744173437745 0.005740481149155754
0.014167255375790326 0.006912127701629692
0.014186766578142907 0.007179667070740796
0.014206277780495487 0.0064310637431086465
0.014225788982848068 0.004965929395609397
0.014245300185200647 0.003304538459892632
0.014264811387553228 0.0018943930274289492
0.014284322589905809 0.0009352773365609822
0.01430383379225839 0.0003975496738174277
0.01432334499461097 0.00014544743164917467
0.014342856196963549 4.5803169288687745e-5
0.01436236739931613 1.2500572773146978e-5
0.01438187860166871 3.4673408372508374e-6
