KE_HEOM(eV)	HEOM_Probability(eV^-1)
0.0002062797 0.004515466316694715
0.0008251187 0.007128997874981573
0.001856517 0.001920446415743665
0.003300475 0.00215155227009675
0.005156992 0.007291503858866125
0.007426068 0.004689943549077809
0.0101077 0.0006288412995092589
0.0132019 0.004334857533939252
0.01670865 0.006102134319154195
0.02062797 0.0020117974954043474
0.02495984 0.00237420687936065
0.02970427 0.006018033114609263
0.03486126 0.004983647730436726
0.04043081 0.003646680550216416
0.04641292 0.005487780034505692
0.05280759 0.005404458871418776
0.05961482 0.004463885411982808
0.06683461 0.00604387530440886
0.07446696 0.006422946267780308
0.08251187 0.005508424601120751
0.09096933 0.0068229111987772005
0.09983936 0.007171863010341151
0.1091219 0.005500661331371919
0.1188171 0.006403100315038933
0.1289248 0.007691105301156392
0.1394451 0.006392821809568334
0.1503779 0.007304910489775507
0.1617233 0.00975801882793476
0.1734812 0.008502550060863756
0.1856517 0.007738334954197731
0.1982348 0.010020197660299959
0.2112304 0.009078470057890392
0.2246386 0.007080099357732437
0.2384593 0.010342813786448015
0.2526926 0.012620566682283346
0.2673384 0.009875805088095267
0.2823969 0.010256406949158128
0.2978678 0.014267141338078052
0.3137514 0.014138591036437364
0.3300475 0.012399082665846918
0.3467561 0.014818898622321844
0.3638773 0.017124565858904768
0.3814111 0.01607347326023859
0.3993574 0.016489155761294293
0.4177163 0.019359559747470046
0.4364878 0.02024160356553239
0.4556718 0.01975648145549978
0.4752683 0.021440049710101036
0.4952775 0.02437629556301876
0.5156992 0.02648276833516797
0.5365334 0.028092344085751654
0.5577802 0.029933799099140842
0.5794396 0.032100934687263154
0.6015115 0.03394509596693526
0.623996 0.03497594463252434
0.646893 0.0367291541394726
0.6702026 0.040186754232187136
0.6939248 0.0438784463583738
0.7180595 0.04757231411039574
0.7426068 0.05203035717105013
0.7675666 0.056748042602730066
0.792939 0.06180295003887907
0.818724 0.06919551437099639
0.8449215 0.0792009787992679
0.8715316 0.08859901910713694
0.8985542 0.09945345518757222
0.9259894 0.11288489353787949
0.9538372 0.12270166222297366
0.9820975 0.13465134018731795
1.01077 0.1546088070187622
1.039856 0.1713492396044251
1.069354 0.18254479789661957
1.099264 0.1967548980397796
1.129587 0.20971016618440577
1.160323 0.21791039180983887
1.191471 0.22808038130889813
1.223032 0.23622576524406863
1.255005 0.23848114633863188
1.287391 0.2408437698676612
1.32019 0.24148300588289912
1.353401 0.2374768296954243
1.387024 0.2334425826282699
1.421061 0.22516891636488479
1.455509 0.20972950802872192
1.490371 0.19304298851253823
1.525644 0.1730384008093444
1.561331 0.15508696712612188
1.59743 0.15734245434877467
1.633941 0.20226063760023533
1.670865 0.32183475808892054
1.708202 0.5538785194331921
1.745951 0.9233690348428982
1.784113 1.417316491480272
1.822687 1.9650204786648373
1.861674 2.4470728337079057
1.901073 2.7315300746264164
1.940885 2.730163675473768
1.98111 2.443987159504935
2.021747 1.9590534268312343
2.062797 1.406558817685462
2.104259 0.8998364575916117
2.146134 0.5046502091458539
2.188421 0.24057908641238318
2.231121 0.09101380459216832
2.274233 0.02159320050289387
2.317758 -0.002050270254458666
2.361696 -0.0036920052040507615
2.406046 0.0022777775706161454
2.450809 0.008285218305930035
2.495984 0.01171106487425837
2.541572 0.01381918793819971
2.587572 0.016731098620189108
2.633985 0.018629533804844844
2.680811 0.017821697400181368
2.728049 0.015154228893595122
2.775699 0.011988876374210759
2.823762 0.009858081697144413
2.872238 0.008350704643572097
2.921126 0.007313700548790504
2.970427 0.006065618296750513
3.020141 0.003446660939886636
3.070267 0.0002296950671269925
3.120805 -0.002799470624338767
3.171756 -0.0041683478678773275
3.22312 -0.00407051634174996
3.274896 -0.0038838131534534625
3.327085 -0.0027097366714422385
3.379686 -0.0016232437219135213
3.4327 -0.001597359080878113
3.486126 -0.0016228486601002601
3.539965 -0.0012111260633849983
3.594217 -0.0012526086150582763
3.648881 -0.00039964495480697166
3.703958 0.0008617959051818878
3.759447 0.0009941848598207339
3.815349 -2.4584375601748048e-5
3.871663 -0.0004189122441402055
3.92839 0.0007802102016789468
3.985529 0.0009104046927466175
4.043081 0.00035153603054390974
4.101046 0.0005640832658815712
4.159423 0.0004651689679208137
4.218213 -0.00016454743728265466
4.277415 -0.0006234279709827578
4.33703 -0.0003538092942215581
4.397057 2.0631324482687775e-5
4.457497 0.00020734000756102012
4.51835 -0.000205800168578064
4.579615 -0.0007934114747350945
4.641292 -0.0008167108355096475
4.703383 -0.000250255421103012
4.765885 -0.00011862188620541255
4.828801 -0.0003614261072068441
4.892129 -0.00052308173977407
4.955869 -0.0002253166997295498
5.020022 -0.00012194971817665906
5.084587 -0.00020151622864827712
5.149566 -0.00043210635355031015
5.214956 -0.0004628150468951255
5.280759 -0.00023394451542768345
5.346975 -0.00017140060559975575
5.413604 -0.00044279345216558517
5.480644 -0.0003244144666250754
5.548098 -0.0002003749006414914
5.615964 -0.00015945668508426822
5.684242 -0.0002288023972339664
5.752934 -0.00018104794078992154
5.822037 -3.1289771166993034e-5
5.891553 -0.0001079113598143746
5.961482 -4.732546017415811e-5
6.031824 5.8715683914565743e-5
6.102578 0.00010077562545891035
6.173744 5.729614112108743e-5
6.245323 -5.050370460321765e-5
6.317315 -0.0001604526441404256
6.389719 9.260604431932793e-5
6.462536 0.00016338350399279988
6.535765 3.7040799274365895e-5
6.609407 6.897580269365504e-5
6.683461 0.00013933400334945428
6.757928 2.498735457048748e-6
6.832808 -0.00018561179355583343
6.9081 3.808011165509468e-5
6.983804 -1.8393605755423918e-5
7.059922 -0.00011797455792334827
7.136451 9.187975673865628e-5
7.213394 0.00015817460469874856
7.290748 -3.1696878518415034e-5
7.368516 -7.790393435312505e-5
7.446696 0.00011358857583548209
7.525288 0.00015998931543357718
7.604294 -9.493468032768654e-6
7.683711 7.672294097287897e-6
7.763541 -2.0635744717616538e-5
7.843784 -0.00012081149441649198
7.92444 1.3786155570334723e-5
8.005507 2.5701718660300872e-5
8.086988 -2.806793462516066e-5
8.168881 -0.00011112919002082736
8.251187 9.542907803274373e-5
8.333905 0.00012150069022987427
8.417035 -9.651020488074578e-6
8.500579 4.309625580654429e-6
8.584535 -5.022848793505417e-5
8.668903 -2.5487215218953023e-5
8.753684 -6.814436870828545e-5
8.838877 0.00011112807567588733
8.924483 6.018919284156805e-5
9.010502 -0.00010383078783614204
9.096933 -4.24838701979565e-5
9.183777 3.3597977518117866e-5
9.271033 -2.4623889742680838e-6
9.358702 9.774691550799305e-8
9.446784 -2.4597676104567902e-5
9.535277 -6.255990863742375e-6
9.624184 1.3460567857679937e-6
9.713503 5.302429979350652e-6
9.803235 1.8360549508738785e-5
9.893379 -1.5056317771400608e-5
9.983936 -2.3813816688530602e-5
10.07491 2.3867928748177703e-5
10.16629 1.05891078970134e-5
10.25808 -6.395700533996729e-6
10.35029 -5.67917673756148e-7
10.44291 1.0567160608099407e-5
10.53594 -3.495482514270865e-6
10.62938 6.5012608382438315e-6
10.72324 -8.476840531176066e-6
10.81751 -2.6130120612886276e-6
10.91219 8.173149696592746e-6
11.00729 -5.026680017537308e-6
11.1028 2.3064305628668414e-6
11.19872 -1.4211416131470152e-6
11.29505 -1.4253633885483622e-7
11.39179 4.46227226502201e-6
11.48895 -2.01938698040658e-6
11.58652 -2.8242541864453422e-6
11.68451 7.45731042633494e-7
11.7829 1.0669940356400928e-6
11.88171 -7.637921862292641e-7
11.98093 4.78235723623487e-7
12.08056 9.673861906142824e-7
12.18061 -5.146400462129427e-7
12.28107 -1.7256037336209661e-7
12.38194 5.83997936560914e-7
12.48322 2.765437999229995e-7
12.58492 -6.223274226943725e-7
12.68702 1.5538799945206258e-7
12.78955 3.025435899355433e-8
12.89248 -1.0594865345870188e-7
12.99583 4.4046553252183086e-8
13.09958 1.17213592989424e-8
13.20376 -1.1226773216526303e-7
13.30834 -5.921215111736869e-10
13.41334 5.7722722976937465e-8
13.51874 1.4376440004278713e-8
13.62457 -1.7053467998529016e-8
13.7308 -1.6096901036001468e-8
13.83745 -1.09742467339035e-8
13.94451 3.0881973982989114e-10
14.05198 6.789791275238353e-9
14.15986 1.84893518645921e-9
14.26816 2.3522800201038932e-9
14.37687 4.413058016706535e-9
14.48599 1.8406847887794532e-9
14.59552 -3.451786926610745e-9
14.70547 1.0952832738639377e-9
14.81583 2.134685067508148e-9
14.9266 -2.281685737512943e-9
15.03779 4.1771750717236585e-10
15.14938 2.3357017512390262e-9
15.26139 3.5049889378901624e-10
15.37382 3.604144411934368e-10
15.48665 6.117132871406468e-10
15.5999 2.2082204247800893e-10
15.71356 -8.568463564066158e-11
15.82763 -1.6674243149427756e-10
15.94212 -6.008173815092291e-11
16.05702 -6.705047995751787e-11
16.17233 -2.9371346756675063e-10
16.28805 -1.455540645484876e-10
16.40418 2.1759564242832693e-11
16.52073 -3.853449907040054e-11
16.63769 -2.6928225071740213e-10
16.75507 1.0943156510076838e-11
16.87285 1.7095656567317868e-10
16.99105 2.0606753176760254e-10
17.10966 1.2299850248937806e-10
17.22868 1.0377968716103526e-10
17.34812 1.9358280903991258e-10
17.46797 1.683301873096547e-10
17.58823 1.9477717455943896e-11
17.7089 2.404220168398846e-10
17.82999 5.373238640682446e-11
17.95149 1.4171066231832343e-10
18.0734 1.1778429679085043e-10
18.19572 -8.922743005724318e-12
18.31846 -2.149158020397042e-10
18.44161 -2.8136228050770683e-10
18.56517 -2.1326521839532763e-10
18.68914 -3.516822219872319e-11
18.81353 -1.7112175404452599e-10
18.93833 -2.2237965791596066e-10
19.06354 -2.711238383909032e-10
19.18917 -5.662801173347608e-11
19.3152 -1.2075853649981847e-10
19.44165 -9.124370456610417e-11
19.56851 -1.3548882347379053e-10
19.69579 -1.0461003333348721e-10
19.82348 -8.178251804496711e-11
19.95158 -8.204945672214756e-11
20.08009 -5.494837552459176e-11
20.20901 -4.274518408639206e-12
20.33835 1.5138736845726554e-11
20.4681 1.1770618651695924e-11
