KE_HEOM(eV)	HEOM_Probability(eV^-1)
0.0002062797 0.003513412238127939
0.0008251187 0.005291627844152962
0.001856517 0.001210606484604114
0.003300475 0.0021223636886412716
0.005156992 0.006092346610008133
0.007426068 0.002856503313909291
0.0101077 -0.0003788159872981284
0.0132019 0.003382045288326636
0.01670865 0.004299815188041545
0.02062797 0.0010519782899638293
0.02495984 0.00332784705029028
0.02970427 0.006320249949285111
0.03486126 0.0029240186516381428
0.04043081 0.0018506331305414142
0.04641292 0.00523978731821653
0.05280759 0.0038861188370610715
0.05961482 0.0020104558110085034
0.06683461 0.006423316406543162
0.07446696 0.007533549788824049
0.08251187 0.0025674123123213036
0.09096933 0.002696920643235745
0.09983936 0.005893628567590557
0.1091219 0.0042662350098632935
0.1188171 0.004810471786852736
0.1289248 0.009516361822828145
0.1394451 0.008413339330812421
0.1503779 0.005032366933946986
0.1617233 0.008006011451616463
0.1734812 0.010119906980146927
0.1856517 0.00773068895886909
0.1982348 0.00887943252182032
0.2112304 0.011373036259486276
0.2246386 0.009675782897503832
0.2384593 0.010062052963798328
0.2526926 0.013671238646362866
0.2673384 0.0135957388768709
0.2823969 0.012580137170582715
0.2978678 0.014889746645439392
0.3137514 0.01626852873413112
0.3300475 0.016327076818536103
0.3467561 0.01828816081361483
0.3638773 0.02021956412738169
0.3814111 0.0214373038831897
0.3993574 0.023568378920672983
0.4177163 0.024788494932383952
0.4364878 0.024707371092343514
0.4556718 0.02594688392202712
0.4752683 0.028696376246861742
0.4952775 0.03171310861543602
0.5156992 0.03432979817029164
0.5365334 0.03600515130089198
0.5577802 0.03710501074993319
0.5794396 0.03872136809574103
0.6015115 0.04202584730509487
0.623996 0.04588709095494438
0.646893 0.04747944732139793
0.6702026 0.04953672332103886
0.6939248 0.05586516698214988
0.7180595 0.06135307303406421
0.7426068 0.06279201916713952
0.7675666 0.06654038403881174
0.792939 0.07449191379711692
0.818724 0.082019240815466
0.8449215 0.08882688283809989
0.8715316 0.09590950296856769
0.8985542 0.10235310364651436
0.9259894 0.11046993816328615
0.9538372 0.120892032308546
0.9820975 0.12909944005756097
1.01077 0.1355518093052276
1.039856 0.14497849859481704
1.069354 0.15497750262830276
1.099264 0.16019027162550004
1.129587 0.1634143766942789
1.160323 0.17219367532883514
1.191471 0.1884536235803914
1.223032 0.20736440847553134
1.255005 0.2250509579855723
1.287391 0.24540762969435134
1.32019 0.2760372238985625
1.353401 0.31503325220837114
1.387024 0.35536602380539545
1.421061 0.40159387038664696
1.455509 0.4568456613467557
1.490371 0.5133279660938477
1.525644 0.5716765721604867
1.561331 0.6372177896007271
1.59743 0.7090914508653041
1.633941 0.7835882655246512
1.670865 0.8554905372281937
1.708202 0.9256014775587371
1.745951 0.9957148020925279
1.784113 1.0577536249627566
1.822687 1.1034548275378677
1.861674 1.1349022034558391
1.901073 1.1530422814057757
1.940885 1.1485409056752232
1.98111 1.1200729890817294
2.021747 1.0774068772401952
2.062797 1.0209150356801149
2.104259 0.94700499993103
2.146134 0.8613996525204315
2.188421 0.7703641497587934
2.231121 0.6752063595828938
2.274233 0.5788959395927501
2.317758 0.4881075992343961
2.361696 0.40557045649136236
2.406046 0.32907620933387693
2.450809 0.26195882161811623
2.495984 0.21048768823810443
2.541572 0.166669714825595
2.587572 0.1247145194100563
2.633985 0.09388449318620438
2.680811 0.07333525732849998
2.728049 0.05606226111724471
2.775699 0.04040623154818264
2.823762 0.028490751962371694
2.872238 0.02161632575767139
2.921126 0.016456300634529724
2.970427 0.011872126823434241
3.020141 0.008141254056251686
3.070267 0.007960775168674538
3.120805 0.008393391496978226
3.171756 0.005125313772978395
3.22312 0.0025123849013778954
3.274896 0.004094222692928122
3.327085 0.005144925169243273
3.379686 0.002023756221278269
3.4327 0.001220067532911609
3.486126 0.003665964158337216
3.539965 0.0019109563867196078
3.594217 -0.0015013653688191943
3.648881 2.3879824741728866e-5
3.703958 0.001071978311357987
3.759447 -0.0008520845704339543
3.815349 -0.0008593802323701254
3.871663 0.00120228932403229
3.92839 0.0010003014793170328
3.985529 6.793678538949965e-5
4.043081 0.0003315520719502696
4.101046 -0.000359250950540833
4.159423 -0.000277490263321943
4.218213 0.0010875784181153306
4.277415 -0.00044987557560955175
4.33703 -0.0016489954987920108
4.397057 0.000869259840803225
4.457497 0.00073976766948857
4.51835 -0.0004971898241370718
4.579615 0.0002384728301652047
4.641292 -0.00048334502079254844
4.703383 0.00012013457093693766
4.765885 0.0002980948126949804
4.828801 -0.0004179190398425853
4.892129 0.00046034381733321683
4.955869 0.00017736024376533278
5.020022 -0.0008847661688995155
5.084587 0.00015530172777876317
5.149566 0.0004861612946503347
5.214956 -0.0003353546112179458
5.280759 -0.0004435428668737431
5.346975 0.0003314066355521957
5.413604 0.00023889682097598327
5.480644 -0.0006800492062007276
5.548098 0.0008350311593417583
5.615964 -1.9459779482164763e-5
5.684242 -0.0009452398947937494
5.752934 0.000750111932643385
5.822037 -0.00010142228420769357
5.891553 7.567635947913633e-5
5.961482 -7.463692633683587e-5
6.031824 -0.0002558379360952402
6.102578 0.00027090721324518727
6.173744 -0.0002290604196039507
6.245323 -0.00016859628350499966
6.317315 0.0002954830504935022
6.389719 -0.0002224209963659744
6.462536 0.00015075129044361438
6.535765 -0.0001327273496829595
6.609407 6.123802198181733e-5
6.683461 0.00017730455937393905
6.757928 -0.0004355043931703598
6.832808 0.0003593497625198523
6.9081 5.460553942440479e-5
6.983804 -0.00020717107608333752
7.059922 0.00019246064801322835
7.136451 1.4312472758789093e-5
7.213394 -2.4819754486068346e-5
7.290748 -0.00014633285849491415
7.368516 0.00012168003797286461
7.446696 9.535838114242352e-5
7.525288 -0.0002774280091260461
7.604294 0.00018501101952958802
7.683711 5.923333090934887e-5
7.763541 -0.0003034142350507653
7.843784 0.00026238490522952285
7.92444 -0.00012578068211987163
8.005507 -0.00015563673482612997
8.086988 0.0001106462367478367
8.168881 3.2581965260979012e-6
8.251187 -0.00014224776465130776
8.333905 0.0001286597664876458
8.417035 -3.082992025926315e-6
8.500579 -2.8102895076360508e-6
8.584535 -2.6180286823460775e-5
8.668903 6.46681751934413e-5
8.753684 4.7451605125701063e-5
8.838877 -0.00014555846928025127
8.924483 0.00017691966949641316
9.010502 -0.00014721241756392197
9.096933 7.332619735616095e-5
9.183777 2.9704655800066567e-6
9.271033 -6.575788853310869e-5
9.358702 6.980912669060605e-5
9.446784 -4.007050923984169e-5
9.535277 6.82404534097405e-6
9.624184 -1.062053932886136e-5
9.713503 2.0708076776256626e-5
9.803235 -1.093669527588765e-5
9.893379 -2.5575782686613714e-5
9.983936 4.683335473257702e-5
10.07491 -3.7435010970481064e-5
10.16629 1.0794432517247033e-5
10.25808 -1.67425454272636e-6
10.35029 -3.0985370310975035e-6
10.44291 7.602114175981631e-7
10.53594 -4.893102973168295e-8
10.62938 -4.288757783204371e-6
10.72324 8.097641680632519e-6
10.81751 -5.838887261036802e-6
10.91219 1.415824129984796e-6
11.00729 5.782119381723e-6
11.1028 -7.626475434937705e-6
11.19872 5.546003786817071e-6
11.29505 -3.0259036037315122e-6
11.39179 1.2497164248468404e-6
11.48895 -1.3574704906001908e-7
11.58652 3.162640309068262e-7
11.68451 -5.319287250934212e-7
11.7829 6.262912510306721e-7
11.88171 -7.111349779595533e-9
11.98093 -2.836754163679024e-7
12.08056 1.9517559323301228e-7
12.18061 -9.851048327313954e-8
12.28107 1.3720289654500173e-7
12.38194 -1.666040697628578e-7
12.48322 2.4407925760964784e-7
12.58492 -1.1251836611976558e-7
12.68702 -3.4617730449101527e-8
12.78955 8.79486218353044e-8
12.89248 -1.3172807711979934e-8
12.99583 -4.049508285585845e-8
13.09958 2.0651089020421143e-8
13.20376 -6.3146205805072015e-9
13.30834 3.0380709876359546e-8
13.41334 -3.682984720406896e-8
13.51874 1.3783730653791176e-8
13.62457 3.1636390253173307e-10
13.7308 -1.5547410567352957e-8
13.83745 3.5233437692095313e-9
13.94451 3.2905157256699007e-9
14.05198 -6.325874019833582e-10
14.15986 -1.0711613243786425e-9
14.26816 -2.539033141070897e-9
14.37687 1.9494893497765325e-10
14.48599 1.3122657321234236e-9
14.59552 -5.433776690860661e-10
14.70547 1.7205051716941948e-9
14.81583 -1.4112197036916737e-9
14.9266 -1.06853366748885e-9
15.03779 3.1564519770846394e-10
15.14938 2.619421851776808e-10
15.26139 3.9965975173029306e-10
15.37382 -1.8615096008432795e-10
15.48665 -2.751730826772194e-10
15.5999 -4.762167829066193e-10
15.71356 1.7606832349916288e-10
15.82763 5.058609064353562e-10
15.94212 -3.0139216578574016e-10
16.05702 -3.057200245021972e-10
16.17233 -1.8358828597859307e-10
16.28805 5.032729862663491e-10
16.40418 -2.3466984054802633e-11
16.52073 7.464429087575473e-10
16.63769 1.2020156704818156e-9
16.75507 -1.975186027462463e-10
16.87285 -1.6665236312418544e-10
16.99105 1.8139813038464628e-10
17.10966 -4.083361322580155e-10
17.22868 -4.156294099909395e-11
17.34812 1.8993357800931705e-10
17.46797 5.984358097602149e-10
17.58823 -7.9051861454107e-10
17.7089 8.375462288559925e-10
17.82999 3.2491948342826836e-10
17.95149 8.024279746718801e-10
18.0734 2.722513740536162e-9
18.19572 3.5719841645653908e-9
18.31846 3.5910021591332093e-10
18.44161 -1.5805704550686493e-9
18.56517 -5.085187632329454e-10
18.68914 3.518813783040013e-10
18.81353 -1.2744056442051291e-9
18.93833 1.1262115177086342e-9
19.06354 -1.079430535974052e-9
19.18917 9.613221404299542e-10
19.3152 7.654378560273105e-10
19.44165 3.353977917878657e-10
19.56851 6.078139407770047e-10
19.69579 6.594526041718472e-10
19.82348 8.917444668923485e-10
19.95158 -8.014080655050587e-10
20.08009 1.806766439909222e-9
20.20901 -7.929134142470606e-10
20.33835 9.329525059925358e-11
20.4681 4.495555625514946e-11
