4.08 0.08 0.8 -7582354.449334515
4.08 0.08 0.9 -7582361.242035109
4.08 0.08 1.0 -7582365.497465624
4.08 0.08 1.1 -7582368.148680191
4.08 0.08 1.2 -7582369.739635295
4.08 0.08 1.3 -7582370.674370622
4.08 0.08 1.4 -7582371.145197178
4.08 0.08 1.5 -7582371.342843356
4.08 0.08 1.6 -7582371.342999527
4.08 0.08 1.7 -7582371.231625507
4.08 0.08 1.8 -7582371.051904439
4.08 0.08 1.9 -7582370.830914423
4.08 0.08 2.0 -7582370.601639105
4.08 0.08 2.1 -7582370.374797164
4.08 0.08 2.2 -7582370.157650800
4.08 0.08 2.3 -7582369.979454231
4.08 0.08 2.4 -7582369.850001064
4.08 0.08 2.5 -7582369.760516191
4.08 0.08 2.6 -7582369.696086388
4.08 0.08 2.7 -7582369.647986925
4.08 0.08 2.8 -7582369.610780637
4.08 0.08 2.9 -7582369.582406959
4.08 0.08 3.0 -7582369.561366769
4.08 0.08 3.1 -7582369.546252815
4.08 0.08 3.2 -7582369.536076836
4.08 0.08 3.3 -7582369.529017246
4.08 0.08 3.4 -7582369.524300646
4.08 0.08 3.5 -7582369.520964775
4.08 0.08 3.6 -7582369.518636154
4.08 0.08 3.7 -7582369.517003177
4.08 0.08 3.8 -7582369.515646273
4.08 0.08 3.9 -7582369.514383790
4.08 0.08 4.0 -7582369.513097966
4.08 0.08 4.1 -7582369.511880020
4.08 0.08 4.2 -7582369.510950865
4.08 0.08 4.3 -7582369.510473286
4.08 0.08 4.4 -7582369.510114249
4.08 0.08 4.5 -7582369.509873052
4.08 0.08 4.6 -7582369.509721791
4.08 0.08 4.7 -7582369.509300712
4.08 0.08 4.8 -7582369.508557444
4.08 0.08 4.9 -7582369.507857791
4.08 0.08 5.0 -7582369.507589907
4.08 0.08 5.1 -7582369.507230694
4.08 0.08 5.2 -7582369.506999498
4.08 0.08 5.3 -7582369.506876690
4.08 0.08 5.4 -7582369.506877220
4.08 0.08 5.5 -7582369.507016142
4.08 0.08 5.6 -7582369.506847588
4.08 0.08 5.7 -7582369.506399556
4.08 0.08 5.8 -7582369.506077927
4.08 0.08 5.9 -7582369.505953197
4.08 0.08 6.0 -7582369.505991677
