IncidentEnergy(eV),StickingCoefficient,CI_Error
0.1 0.09840229885057472 0.001979271928008565
0.25 0.10348275862068967 0.0020239965452278413
0.37 0.11050610820244333 0.0008117894212183867
0.5 0.11405747126436783 0.002112326704076616
0.6 0.08490804597701151 0.0018522654955429707
0.99 0.033423774954627894 0.0003355915968395794
1.92 0.010095194085027681 0.00018836338821350863
3.0 0.003816091954022993 0.00040970911083386814
4.0 0.001908045977011441 0.00028998540480067
5.0 0.000954022988505776 0.0002051486212737598
6.17 0.0006175929333823715 4.1777578025198516e-5
7.0 0.0004137931034482456 0.0001351444441930902
