1.9192985531644755
1.9121890849214598
1.912189072605992
1.9121890603041667
1.905627362307877
1.8988845647173722
1.8853998791888618
1.8832220549076002
1.871151416536458
1.8640419236761492
1.8574802133782615
1.8564328491748885
1.8554888821092792
1.8372527302592463
1.8286996886922626
1.8208078123160423
1.8137896109739078
1.8082857002453867
1.7940186065836716
1.7892483063387719
1.787000405241196
1.7805525520642451
1.7656424743458903
1.7458714576538288
1.741101157408929
1.73885328092876
1.7388532686132923
1.738853256311467
1.7302089478440568
1.7143119516765584
1.712064075196162
1.7111201081305527
1.7034197421114587
1.6907061196834494
1.6883822758699072
1.6639169262665465
1.6615930701374229
1.6607765039103644
1.6552725931818433
1.6339872981776526
1.6134459212076937
1.6126293672823468
1.597783411397808
1.5858401738652166
1.5858401615497488
1.5858401492479235
1.5762019729999057
1.57099420566521
1.5590509681326186
1.537693012619906
1.5283509674641156
1.5280548240701766
1.5228470567355945
1.510903819203003
1.5015617617315176
1.5012656183376922
1.4861746556736026
1.480203830836098
1.4593854499410046
1.4534146374190815
1.4534146251035
1.4534146128016747
1.4266254316863698
1.4167422117399102
1.4112383010113891
1.405267476173771
1.3899530060073122
1.3828435377644102
1.378478282756868
1.3685950751118927
1.3418058816948761
1.3418058693792947
1.3418058570774694
1.3346963888345673
1.3261433472676973
1.3150166759622781
1.3079071831021967
1.2993541415350993
1.2936587204495655
1.2779962106396798
1.2668695270326626
1.2512070172226633
1.2512070049070818
1.2512069926052565
1.2244178114899515
1.2095077337715967
1.2085637667059874
1.2030598559773527
1.1817745732889708
1.1817745609733894
1.1762706625604498
1.1613605848418675
1.1549853675562591
1.1345713791093832
1.1336274366609533
1.1336274120435466
1.1068382309283553
1.1068382186267574
1.0586910819987398
1.0564946267080533
1.0083474777783241
0.9815582720458398
0.9240690902619182
0.8759219413320753
0.8491327355997047
0.8124603345377128
0.76431318560787
0.7375239798754993
0.7218614700654999
0.6737143211356571
0.6524290261318075
0.6469251154032865
0.60428188950379
0.6042818772019647
0.5774926960866598
0.577492671469594
0.5561347405739472
0.5293455471569306
0.5293455348415765
0.5025563414244463
