Time(fs) GroundStateProportion FirstExitedProportion
0.0 1.0 0.0
0.05000000000000001 0.9999999996727422 3.240856160488274e-16
0.10000000000000002 0.9999999988661569 1.3068890362333351e-15
0.15000000000000002 0.9999999978929373 2.954655362330456e-15
0.20000000000000004 0.9999999969536278 5.269724351870061e-15
0.25 0.9999999961827202 8.252323811062237e-15
0.3 0.9999999956748723 1.1898444668055079e-14
0.35 0.9999999954493123 1.620179074848297e-14
0.39999999999999997 0.9999999954925721 2.115528431247775e-14
0.44999999999999996 0.9999999957665506 2.675000758837323e-14
0.49999999999999994 0.9999999961984801 3.2975957514291194e-14
0.5499999999999999 0.9999999967163808 3.982350955098207e-14
0.6 0.9999999972486767 4.7282862344841076e-14
0.6499999999999999 0.999999997722593 5.5343923245980955e-14
0.7 0.9999999980889263 6.399734109454023e-14
0.7499999999999999 0.9999999983132397 7.323409996744099e-14
0.7999999999999999 0.9999999983752849 8.304477448053834e-14
0.85 0.9999999982820982 9.341993754694431e-14
0.8999999999999999 0.9999999980526634 1.0434994606831483e-13
0.95 0.9999999977168859 1.158239522585549e-13
0.9999999999999999 0.9999999973199785 1.278299449134351e-13
1.0499999999999998 0.9999999969049829 1.4035491050330862e-13
1.0999999999999999 0.999999996513934 1.5338417202453504e-13
1.15 0.9999999961879725 1.6690134093742986e-13
1.2 0.9999999959531565 1.8088904834795445e-13
1.2499999999999998 0.9999999958261684 1.953288122576016e-13
1.2999999999999998 0.9999999958140902 2.102011509220274e-13
1.3499999999999999 0.9999999959063418 2.2548654609089643e-13
1.4 0.9999999960851288 2.4116582203563736e-13
1.4499999999999997 0.9999999963255092 2.572201687041898e-13
1.4999999999999998 0.9999999965929995 2.73631892359749e-13
1.55 0.9999999968558041 2.9038491677513197e-13
1.5999999999999999 0.9999999970836019 3.074643949116234e-13
1.65 0.9999999972477874 3.248569061704326e-13
1.7 0.9999999973317626 3.4255065152102744e-13
1.75 0.9999999973261522 3.605347119027914e-13
1.7999999999999998 0.9999999972293402 3.787986348094988e-13
1.8499999999999999 0.9999999970531414 3.973323382670732e-13
1.9 0.999999996814462 4.161254116119256e-13
1.95 0.9999999965353902 4.351663867961491e-13
1.9999999999999998 0.9999999962448264 4.5444276550675287e-13
2.05 0.9999999959684696 4.739408161971993e-13
2.0999999999999996 0.999999995730258 4.936451066629881e-13
2.15 0.9999999955519066 5.135388647184056e-13
2.1999999999999997 0.9999999954446573 5.336045263488142e-13
2.25 0.9999999954136307 5.538237950469485e-13
2.3 0.9999999954572869 5.741782174298032e-13
2.3499999999999996 0.9999999955629303 5.946502617442462e-13
2.4 0.9999999957142052 6.15223630013954e-13
2.4499999999999997 0.9999999958906919 6.35883693973102e-13
2.4999999999999996 0.9999999960669658 6.566183864356593e-13
2.55 0.9999999962211501 6.774184023741889e-13
2.5999999999999996 0.9999999963333296 6.98276978763691e-13
2.6499999999999995 0.9999999963863018 7.191901812926492e-13
2.6999999999999997 0.9999999963724407 7.401566963567462e-13
2.7499999999999996 0.999999996289503 7.611769587923422e-13
2.8 0.9999999961411892 7.822527640983912e-13
2.8499999999999996 0.9999999959408399 8.033869069877289e-13
2.8999999999999995 0.999999995704545 8.245821307294713e-13
2.9499999999999997 0.9999999954515616 8.45840576464703e-13
2.9999999999999996 0.9999999952049151 8.671636774078899e-13
3.0499999999999994 0.999999994983776 8.885517196044119e-13
3.1 0.9999999948050071 9.100035473904604e-13
3.1500000000000004 0.9999999946825092 9.31517182175636e-13
3.2000000000000006 0.9999999946211552 9.530901802661008e-13
3.250000000000001 0.999999994620928 9.747198952414707e-13
3.300000000000001 0.999999994676318 9.964045050514394e-13
3.3500000000000014 0.9999999947733569 1.0181439680992908e-12
3.4000000000000017 0.9999999948960129 1.0399404209808134e-12
3.4500000000000024 0.9999999950258165 1.061799016974976e-12
3.5000000000000027 0.9999999951415064 1.0837287634071012e-12
3.550000000000003 0.9999999952259403 1.1057425684385755e-12
3.600000000000003 0.9999999952646045 1.1278572109977508e-12
3.6500000000000035 0.9999999952462432 1.1500936085260368e-12
3.7000000000000037 0.9999999951681512 1.1724762171962825e-12
3.750000000000004 0.999999995032146 1.195032198353565e-12
3.8000000000000047 0.9999999948453019 1.2177910510060122e-12
3.850000000000005 0.999999994622147 1.240783845992674e-12
3.9000000000000052 0.9999999943785749 1.2640421019318312e-12
3.9500000000000055 0.9999999941324913 1.287597359676252e-12
4.000000000000006 0.9999999939037117 1.311480929026494e-12
4.050000000000006 0.9999999937075346 1.3357232367818436e-12
4.100000000000007 0.9999999935565518 1.360353914195973e-12
4.150000000000007 0.9999999934597352 1.3854024139315396e-12
4.200000000000007 0.9999999934177324 1.4108982389392779e-12
4.250000000000007 0.9999999934270577 1.4368715515475491e-12
4.300000000000008 0.9999999934793081 1.4633543804729966e-12
4.3500000000000085 0.9999999935593127 1.4903814285322017e-12
4.400000000000008 0.9999999936511538 1.517990621325127e-12
4.450000000000009 0.9999999937373326 1.5462241321337934e-12
4.500000000000009 0.9999999937991859 1.5751290785660373e-12
4.55000000000001 0.9999999938229571 1.6047573540163117e-12
4.600000000000009 0.9999999937977514 1.6351658091479893e-12
4.65000000000001 0.9999999937165629 1.6664163069322376e-12
4.700000000000011 0.9999999935804487 1.6985747852334757e-12
4.750000000000011 0.9999999933944076 1.731710522326399e-12
4.800000000000011 0.9999999931679991 1.7658957259837039e-12
4.850000000000011 0.999999992916941 1.8012044272856072e-12
4.900000000000012 0.9999999926571685 1.837711459342246e-12
4.950000000000012 0.999999992405683 1.8754922484698086e-12
5.000000000000012 0.9999999921800273 1.9146223386548357e-12
5.050000000000013 0.9999999919924901 1.95517689972058e-12
5.100000000000013 0.9999999918523196 1.9972311830908453e-12
5.150000000000014 0.9999999917646447 2.0408611323620776e-12
5.2000000000000135 0.9999999917266188 2.0861436331599505e-12
5.250000000000014 0.99999999173185 2.1331574853311635e-12
5.300000000000015 0.9999999917695473 2.181984672562011e-12
5.350000000000015 0.9999999918233812 2.2327109477673295e-12
5.4000000000000155 0.9999999918773916 2.2854265198725205e-12
5.450000000000015 0.999999991914934 2.340227124747314e-12
5.500000000000016 0.9999999919193927 2.397214205984471e-12
5.550000000000016 0.9999999918798236 2.4564946967444195e-12
5.6000000000000165 0.9999999917884939 2.5181811300237937e-12
5.650000000000017 0.9999999916419247 2.582391270159179e-12
5.700000000000017 0.9999999914445482 2.6492468779059627e-12
5.750000000000018 0.9999999912040112 2.7188731294402565e-12
5.800000000000018 0.9999999909321421 2.791398030052807e-12
5.850000000000018 0.9999999906457737 2.866951058775373e-12
5.900000000000018 0.9999999903608002 2.945662599761568e-12
5.950000000000019 0.9999999900933823 3.0276639294061636e-12
6.0000000000000195 0.9999999898590044 3.1130867481752304e-12
6.050000000000019 0.9999999896672939 3.2020631630746716e-12
6.10000000000002 0.9999999895243672 3.2947267250948347e-12
6.15000000000002 0.999999989431954 3.3912130351046814e-12
6.200000000000021 0.9999999893839733 3.4916603353445708e-12
6.25000000000002 0.9999999893714554 3.596210943426944e-12
6.300000000000021 0.9999999893814698 3.705012404505776e-12
6.350000000000022 0.9999999893966725 3.818217938448559e-12
6.400000000000022 0.9999999894011087 3.93598724190697e-12
6.450000000000022 0.9999999893790626 4.0584872070012325e-12
6.500000000000022 0.9999999893158932 4.185891490690207e-12
6.550000000000023 0.9999999892033437 4.318380102916013e-12
6.600000000000023 0.9999999890366895 4.4561391981312035e-12
6.6500000000000234 0.9999999888158473 4.599359922147692e-12
6.700000000000024 0.9999999885483195 4.748237020491477e-12
6.750000000000024 0.9999999882442763 4.902968321951079e-12
6.800000000000025 0.9999999879175263 5.063753763732367e-12
6.8500000000000245 0.9999999875857855 5.230794179139398e-12
6.900000000000025 0.9999999872648173 5.4042913492225716e-12
6.950000000000025 0.9999999869697137 5.584448292572259e-12
7.000000000000026 0.9999999867139435 5.771469223578756e-12
7.0500000000000265 0.9999999865043752 5.965560474610996e-12
7.100000000000026 0.9999999863443377 6.166932300240804e-12
7.150000000000027 0.9999999862320283 6.375799662111878e-12
7.200000000000027 0.9999999861578514 6.592383658966029e-12
7.2500000000000275 0.9999999861100002 6.8169136341175385e-12
7.300000000000027 0.9999999860748219 7.04962826828954e-12
7.350000000000028 0.9999999860360105 7.290776061459303e-12
7.400000000000029 0.9999999859769945 7.540616007017152e-12
7.450000000000029 0.9999999858776394 7.799416762739366e-12
7.500000000000029 0.9999999857224096 8.067455135685528e-12
7.550000000000029 0.9999999855152326 8.345016055173797e-12
7.60000000000003 0.9999999852699639 8.632393896437268e-12
7.65000000000003 0.9999999849843932 8.929892746808818e-12
7.70000000000003 0.99999998463228 9.23782370807151e-12
7.750000000000031 0.9999999842042181 9.556497065221685e-12
7.800000000000031 0.9999999837661722 9.886211951957347e-12
7.850000000000032 0.9999999834199789 1.0227256129010575e-11
7.900000000000031 0.9999999831630909 1.0579925147579213e-11
7.950000000000032 0.9999999828540264 1.09445488038172e-11
8.000000000000032 0.9999999824057016 1.1321494896129332e-11
8.050000000000033 0.9999999819829422 1.1711134137715655e-11
8.100000000000033 0.9999999818567982 1.211378933926676e-11
8.150000000000034 0.9999999820060419 1.2529725402401489e-11
8.200000000000033 0.9999999820482122 1.2959210520636447e-11
8.250000000000034 0.9999999817160977 1.3402601675977767e-11
8.300000000000034 0.999999981240742 1.3860369913602746e-11
8.350000000000035 0.999999981050717 1.4333039052184258e-11
8.400000000000036 0.999999981197024 1.4821097201322484e-11
8.450000000000035 0.9999999813190297 1.532496184384496e-11
8.500000000000036 0.9999999811245238 1.5845016726597616e-11
8.550000000000036 0.9999999806323785 1.6381666303754326e-11
8.600000000000037 0.9999999799846038 1.6935352639320865e-11
8.650000000000036 0.999999979333307 1.7506539694594487e-11
8.700000000000037 0.9999999788872695 1.809571335873902e-11
8.750000000000037 0.9999999787414764 1.8703412257218154e-11
8.800000000000038 0.9999999786570569 1.9330243107431592e-11
8.850000000000039 0.9999999782826003 1.9976837153349167e-11
8.900000000000038 0.9999999775770759 2.0643777525816878e-11
8.950000000000038 0.9999999767975615 2.1331574291048988e-11
9.000000000000039 0.9999999761749733 2.2040703268472943e-11
9.05000000000004 0.9999999758376122 2.2771642272668667e-11
9.10000000000004 0.9999999758640159 2.3524866922331952e-11
9.15000000000004 0.9999999761189522 2.4300863904630357e-11
9.20000000000004 0.9999999762279167 2.5100199205496054e-11
9.25000000000004 0.999999975947058 2.592356974308344e-11
9.300000000000042 0.9999999753701806 2.677177035349293e-11
9.35000000000004 0.9999999747045989 2.7645629444948594e-11
9.400000000000041 0.9999999741232241 2.8545991945748036e-11
9.450000000000042 0.9999999738146732 2.94737289870695e-11
9.500000000000043 0.9999999738340408 3.0429712102048794e-11
9.550000000000043 0.9999999739232468 3.1414767495223956e-11
9.600000000000042 0.9999999737415481 3.242967435100507e-11
9.650000000000043 0.9999999731693445 3.3475208017490576e-11
9.700000000000044 0.9999999722440014 3.4552164669614236e-11
9.750000000000044 0.9999999710846046 3.566134513589872e-11
9.800000000000045 0.9999999699983424 3.680355338688481e-11
9.850000000000044 0.9999999693201956 3.7979645145321096e-11
9.900000000000045 0.9999999690937871 3.919057399293561e-11
9.950000000000045 0.9999999691385857 4.043737840861763e-11
10.000000000000046 0.999999969256784 4.1721153748923406e-11
10.050000000000045 0.9999999691937269 4.3043069981912916e-11
10.100000000000046 0.9999999687134522 4.440438516646036e-11
10.150000000000047 0.9999999678634389 4.580638961142443e-11
10.200000000000047 0.9999999669160295 4.7250340249222954e-11
10.250000000000048 0.9999999661001595 4.873746912419597e-11
10.300000000000047 0.99999996559298 5.0269016256173395e-11
10.350000000000048 0.9999999655188611 5.184621164831654e-11
10.400000000000048 0.9999999657415644 5.3470263448639584e-11
10.450000000000049 0.9999999659128668 5.514241806894821e-11
10.50000000000005 0.9999999657710393 5.6864021022906246e-11
10.550000000000049 0.999999965170262 5.863650576152904e-11
10.60000000000005 0.9999999640367894 6.046137212067178e-11
10.65000000000005 0.9999999625480446 6.234021455402745e-11
10.70000000000005 0.999999961083117 6.427474322086283e-11
10.75000000000005 0.9999999599179282 6.62667495423772e-11
10.80000000000005 0.9999999591988986 6.831807369091033e-11
10.850000000000051 0.9999999589960373 7.043062662911173e-11
10.900000000000052 0.9999999591352193 7.260641520270888e-11
10.950000000000053 0.9999999592559216 7.484751054019193e-11
11.000000000000052 0.9999999591009244 7.715600688572976e-11
11.050000000000052 0.999999958531819 7.953403390906354e-11
11.100000000000053 0.9999999574853647 8.198376856109063e-11
11.150000000000054 0.9999999561364245 8.450738491102972e-11
11.200000000000054 0.9999999548316799 8.710701775256931e-11
11.250000000000053 0.9999999538168417 8.978481167914426e-11
11.300000000000054 0.9999999532343818 9.254296707101954e-11
11.350000000000055 0.9999999531484012 9.538372595779946e-11
11.400000000000055 0.9999999533705508 9.830939665800982e-11
11.450000000000054 0.9999999535411424 1.0132244421416039e-10
11.500000000000055 0.9999999533876719 1.0442552213120601e-10
11.550000000000056 0.9999999527041956 1.0762143218134287e-10
11.600000000000056 0.9999999513679958 1.1091312876617099e-10
11.650000000000057 0.9999999495403151 1.1430375195111161e-10
11.700000000000056 0.9999999475594651 1.1779659014801022e-10
11.750000000000057 0.9999999457192014 1.2139501823457697e-10
11.800000000000058 0.9999999443196421 1.2510250552781586e-10
11.850000000000058 0.9999999435812774 1.2892264775665808e-10
11.900000000000059 0.9999999434281702 1.3285914882951413e-10
11.950000000000058 0.9999999436174948 1.3691579563891072e-10
12.000000000000059 0.9999999438851181 1.4109649006050721e-10
12.05000000000006 0.9999999438734407 1.4540528054001135e-10
12.10000000000006 0.9999999432904781 1.4984631879503434e-10
12.150000000000059 0.9999999421122832 1.5442381042041567e-10
12.20000000000006 0.9999999404512349 1.591420344766928e-10
12.25000000000006 0.9999999385088927 1.6400534954886573e-10
12.300000000000061 0.9999999366524865 1.690181326472453e-10
12.350000000000062 0.9999999352024268 1.7418477636081626e-10
12.40000000000006 0.999999934269996 1.7950977408249984e-10
12.45000000000006 0.9999999338693909 1.8499775178098393e-10
12.50000000000006 0.9999999338616544 1.9065345436508425e-10
12.550000000000061 0.9999999338874876 1.9648181675569028e-10
12.600000000000062 0.9999999336081553 2.0248804961232318e-10
12.650000000000063 0.999999932806543 2.08677615865662e-10
12.700000000000061 0.9999999313154926 2.1505619954004897e-10
12.750000000000062 0.9999999291793557 2.2162974585313438e-10
12.800000000000063 0.9999999266960565 2.2840446398916828e-10
12.850000000000064 0.9999999241855085 2.3538676348109897e-10
12.900000000000064 0.9999999219788209 2.425832454122422e-10
12.950000000000063 0.9999999204199325 2.500007598951185e-10
13.000000000000064 0.9999999196186208 2.5764642651281696e-10
13.050000000000065 0.9999999194542291 2.655276197502229e-10
13.100000000000065 0.9999999197286817 2.736520090803736e-10
13.150000000000064 0.9999999200747818 2.820276273425496e-10
13.200000000000065 0.9999999200456507 2.906628507422423e-10
13.250000000000066 0.9999999193737679 2.9956632622644916e-10
13.300000000000066 0.9999999179186438 3.087469680058382e-10
13.350000000000067 0.9999999156598741 3.1821394128529304e-10
13.400000000000066 0.9999999128560847 3.279765358840374e-10
13.450000000000067 0.9999999098863483 3.380440894324672e-10
13.500000000000068 0.9999999070794451 3.484260287766307e-10
13.550000000000068 0.9999999047864246 3.591318542295759e-10
13.600000000000069 0.999999903233531 3.7017109013172445e-10
13.650000000000068 0.9999999023657847 3.8155337790993137e-10
13.700000000000069 0.9999999020103622 3.9328860034959094e-10
13.75000000000007 0.9999999018948482 4.0538689650358575e-10
13.80000000000007 0.9999999015948428 4.178587048866302e-10
13.850000000000069 0.9999999007729475 4.307148845828172e-10
13.90000000000007 0.999999899268952 4.439667513196477e-10
13.95000000000007 0.9999998970029548 4.5762603540995755e-10
14.000000000000071 0.9999998941082543 4.71704902292791e-10
14.050000000000072 0.9999998909357597 4.862160007703349e-10
14.10000000000007 0.9999998878221319 5.011724485333275e-10
14.150000000000071 0.9999998850983024 5.165878122951846e-10
14.200000000000072 0.9999998830733459 5.324761778034018e-10
14.250000000000073 0.9999998818076224 5.488522435184232e-10
14.300000000000074 0.9999998811628613 5.657313331221494e-10
14.350000000000072 0.9999998809219967 5.831294120407986e-10
14.400000000000073 0.9999998806868481 6.010631855337476e-10
14.450000000000074 0.9999998800137954 6.195501125443134e-10
14.500000000000075 0.9999998786279325 6.386082869077263e-10
14.550000000000074 0.9999998763406353 6.582563961794565e-10
14.600000000000074 0.9999998731173608 6.785137119824332e-10
14.650000000000075 0.9999998692180867 6.993999252932899e-10
14.700000000000076 0.999999865001188 7.209350097087112e-10
14.750000000000076 0.9999998608477578 7.431392604392099e-10
14.800000000000075 0.999999857221213 7.660332794553941e-10
14.850000000000076 0.9999998544320431 7.896379147297674e-10
14.900000000000077 0.9999998525506015 8.139743763439098e-10
14.950000000000077 0.9999998515426365 8.390644105291941e-10
15.000000000000078 0.9999998511517205 8.649303507705037e-10
15.050000000000077 0.9999998509165423 8.915951981916057e-10
15.100000000000078 0.999999850422649 9.190827698394872e-10
15.150000000000079 0.9999998492729418 9.474177473442005e-10
15.20000000000008 0.9999998471235897 9.766256094378247e-10
15.250000000000078 0.9999998439246601 1.006732594386653e-9
15.300000000000079 0.999999839826093 1.037765696271848e-9
15.35000000000008 0.9999998350647167 1.0697525760200547e-9
15.40000000000008 0.9999998300649954 1.1027214400033742e-9
15.450000000000081 0.9999998252826563 1.1367010573361515e-9
15.50000000000008 0.9999998210742537 1.1717208231813783e-9
15.55000000000008 0.9999998177762552 1.2078107428347459e-9
15.600000000000081 0.9999998154815735 1.2450015803570574e-9
15.650000000000082 0.9999998138912117 1.2833252174160627e-9
15.700000000000083 0.9999998126326535 1.32281482917385e-9
15.750000000000082 0.9999998114212324 1.3635048523644455e-9
15.800000000000082 0.999999809979562 1.4054310231964564e-9
15.850000000000083 0.9999998079786951 1.4486304374153903e-9
15.900000000000084 0.9999998049202704 1.4931416513786042e-9
15.950000000000083 0.999999800450523 1.5390049874956562e-9
16.000000000000085 0.9999997950060682 1.5862626674814612e-9
16.050000000000086 0.999999789525538 1.634958395537449e-9
16.100000000000083 0.9999997844456165 1.6851368372907616e-9
16.150000000000084 0.9999997794919923 1.7368435372400838e-9
16.200000000000085 0.9999997744461979 1.790125201483413e-9
16.250000000000085 0.999999769905302 1.8450300909148843e-9
16.300000000000086 0.9999997669312496 1.901608412006484e-9
16.350000000000087 0.9999997655858683 1.9599125553660266e-9
16.400000000000087 0.9999997644578164 2.0199969190117863e-9
16.450000000000088 0.9999997622174278 2.0819173259945906e-9
16.50000000000009 0.9999997588624776 2.1457306034296447e-9
16.550000000000086 0.9999997550467006 2.2114948051442334e-9
16.600000000000087 0.9999997509184758 2.279269845712821e-9
16.650000000000087 0.9999997459543852 2.3491179387476355e-9
16.700000000000088 0.9999997397137959 2.4211034387996487e-9
16.75000000000009 0.9999997324232685 2.4952921870612564e-9
16.80000000000009 0.9999997246655329 2.571751117482339e-9
16.85000000000009 0.9999997171206603 2.6505484036422553e-9
16.90000000000009 0.9999997107743888 2.7317533512463296e-9
16.95000000000009 0.9999997063080182 2.8154360205354253e-9
17.000000000000092 0.9999997031866708 2.9016677817218203e-9
17.05000000000009 0.9999997002695115 2.9905227447892644e-9
17.10000000000009 0.99999969705067 3.0820785910955973e-9
17.15000000000009 0.9999996937249858 3.176416364617062e-9
17.20000000000009 0.9999996904379985 3.2736199969047246e-9
17.250000000000092 0.9999996868513986 3.3737760965557303e-9
17.300000000000093 0.9999996823976206 3.4769740027459947e-9
17.350000000000094 0.9999996766123851 3.58330585983208e-9
17.400000000000095 0.9999996690246776 3.6928664341442856e-9
17.450000000000095 0.9999996595149132 3.80575268956582e-9
17.500000000000092 0.9999996490926798 3.9220635055709165e-9
17.550000000000093 0.9999996392968369 4.041900021369336e-9
17.600000000000094 0.9999996308511814 4.165366354378286e-9
17.650000000000095 0.9999996236967643 4.2925699167740476e-9
17.700000000000095 0.9999996176196072 4.423621434870743e-9
17.750000000000096 0.9999996122026275 4.558635388424435e-9
17.800000000000097 0.9999996069205863 4.697730568828844e-9
17.850000000000097 0.9999996016488948 4.84103006542349e-9
17.900000000000098 0.9999995967100976 4.988660914172559e-9
17.950000000000095 0.9999995922010388 5.140754172428008e-9
18.000000000000096 0.9999995874095464 5.297445886209885e-9
18.050000000000097 0.9999995812953124 5.458878278472299e-9
18.100000000000097 0.9999995732948613 5.625199869052869e-9
18.150000000000098 0.9999995632081187 5.796564814486719e-9
18.2000000000001 0.9999995511997536 5.973132781641858e-9
18.2500000000001 0.9999995383829632 6.155068908748028e-9
18.3000000000001 0.9999995262483251 6.342542924341293e-9
18.3500000000001 0.9999995154488187 6.535728374977621e-9
18.4000000000001 0.9999995059180317 6.734802930104407e-9
18.4500000000001 0.999999497425416 6.939949137216914e-9
18.5000000000001 0.9999994894496566 7.15135493534261e-9
18.5500000000001 0.9999994813603923 7.369213957600252e-9
18.6000000000001 0.9999994730304076 7.593725846936538e-9
18.6500000000001 0.999999464822277 7.825096775366955e-9
18.700000000000102 0.9999994569008536 8.063540267160989e-9
18.750000000000103 0.9999994488313297 8.309277984258165e-9
18.800000000000104 0.9999994399520794 8.562539965398333e-9
18.850000000000104 0.9999994296581249 8.823564558756342e-9
18.9000000000001 0.9999994172531799 9.092598749119583e-9
18.950000000000102 0.9999994025043613 9.369898033842094e-9
19.000000000000103 0.9999993863260846 9.655724816363696e-9
19.050000000000104 0.9999993700437023 9.950347126289646e-9
19.100000000000104 0.999999354588855 1.0254039296693395e-8
19.150000000000105 0.9999993407389559 1.0567082768822151e-8
19.200000000000106 0.999999328810663 1.0889766138128574e-8
19.250000000000107 0.9999993180700099 1.1222386349003215e-8
19.300000000000107 0.9999993074346538 1.1565250910914839e-8
19.350000000000104 0.999999296280002 1.1918678969455626e-8
19.400000000000105 0.9999992842525331 1.2283001290301736e-8
19.450000000000106 0.9999992711910899 1.265856045701303e-8
19.500000000000107 0.9999992573461874 1.304571122549277e-8
19.550000000000107 0.9999992430591501 1.3444820603578633e-8
19.600000000000108 0.9999992281755454 1.385626781659166e-8
19.65000000000011 0.9999992120926815 1.4280444317322263e-8
19.70000000000011 0.9999991943629547 1.4717753816037762e-8
19.75000000000011 0.9999991748554209 1.5168612410227973e-8
19.80000000000011 0.9999991536262105 1.563344869119784e-8
19.850000000000108 0.9999991314013873 1.611270330109028e-8
19.90000000000011 0.9999991096187306 1.660682873406498e-8
19.95000000000011 0.9999990893688345 1.7116290937486592e-8
20.00000000000011 0.9999990710765803 1.764157156245757e-8
20.05000000000011 0.999999054858579 1.8183169181597705e-8
20.10000000000011 0.9999990400075265 1.8741601285326624e-8
20.150000000000112 0.9999990249776295 1.9317407689790695e-8
20.200000000000113 0.9999990085281718 1.9911151992132838e-8
20.250000000000114 0.9999989899815797 2.052342081353303e-8
20.30000000000011 0.999998968896347 2.1154823842099966e-8
20.35000000000011 0.9999989454838694 2.180599408691578e-8
20.400000000000112 0.9999989205682386 2.2477586588283663e-8
20.450000000000113 0.9999988947650384 2.3170277308783406e-8
20.500000000000114 0.9999988682734365 2.3884763591267788e-8
20.550000000000114 0.9999988411635532 2.462176512202026e-8
20.600000000000115 0.9999988133498828 2.538202465215618e-8
20.650000000000116 0.9999987845767019 2.6166308903464787e-8
20.700000000000117 0.9999987548723679 2.6975409864829586e-8
20.750000000000114 0.9999987248889993 2.781014633628885e-8
20.800000000000114 0.9999986954389516 2.8671365778035228e-8
20.850000000000115 0.9999986670755312 2.955994642086131e-8
20.900000000000116 0.9999986402638246 3.0476799532963825e-8
20.950000000000117 0.9999986149499438 3.142287261759901e-8
21.000000000000117 0.9999985900167221 3.2399153335827054e-8
21.050000000000118 0.9999985640287409 3.340667167542685e-8
21.10000000000012 0.999998535770326 3.4446500581231974e-8
21.15000000000012 0.9999985039799114 3.55197575138024e-8
21.20000000000012 0.9999984680349103 3.662760478453226e-8
21.250000000000117 0.9999984285292991 3.777124672416086e-8
21.300000000000118 0.9999983864552736 3.8951928029096754e-8
21.35000000000012 0.9999983428979599 4.017093479878065e-8
21.40000000000012 0.9999982992341143 4.1429594575018174e-8
21.45000000000012 0.9999982563476842 4.2729276671563707e-8
21.50000000000012 0.9999982142285512 4.407139599189981e-8
21.55000000000012 0.9999981725757816 4.545741776051363e-8
21.600000000000122 0.9999981309112427 4.688886095761148e-8
21.650000000000123 0.9999980885012935 4.836730218447225e-8
21.70000000000012 0.9999980448796738 4.9894380209239914e-8
21.75000000000012 0.9999980000992114 5.1471799772975094e-8
21.80000000000012 0.9999979543396097 5.310133479870271e-8
21.850000000000122 0.9999979076505716 5.478483177898522e-8
21.900000000000123 0.9999978600284807 5.6524213371306245e-8
21.950000000000124 0.9999978111962594 5.8321482095507966e-8
22.000000000000124 0.9999977602766922 6.017872393926055e-8
22.050000000000125 0.9999977062526156 6.209811086685968e-8
22.100000000000126 0.9999976485005139 6.40819022756954e-8
22.150000000000126 0.9999975865956517 6.613244704117554e-8
22.200000000000124 0.9999975205997151 6.825218504799509e-8
22.250000000000124 0.9999974515808049 7.044364671790263e-8
22.300000000000125 0.999997380921171 7.270945471242374e-8
22.350000000000126 0.9999973097910094 7.505232949921657e-8
22.400000000000126 0.9999972394158323 7.747509414428915e-8
22.450000000000127 0.9999971704115223 7.998067997381415e-8
22.500000000000128 0.9999971022167787 8.257213763016332e-8
22.55000000000013 0.9999970338373486 8.525264835588313e-8
22.60000000000013 0.9999969640127037 8.802553190082656e-8
22.650000000000126 0.9999968910234994 9.089425589405796e-8
22.700000000000127 0.999996813594891 9.386244582685915e-8
22.750000000000128 0.9999967312924947 9.693389095113024e-8
22.80000000000013 0.9999966440068829 1.0011254884408174e-7
22.85000000000013 0.9999965521282185 1.0340255166984986e-7
22.90000000000013 0.9999964566020436 1.0680821219349539e-7
22.95000000000013 0.9999963581703226 1.1033402983544079e-7
23.00000000000013 0.9999962571700125 1.1398469850060625e-7
23.050000000000132 0.9999961537786748 1.1776511582530416e-7
23.10000000000013 0.9999960477939507 1.2168039367185747e-7
23.15000000000013 0.9999959386243163 1.2573586942125395e-7
23.20000000000013 0.9999958258335339 1.299371170784803e-7
23.25000000000013 0.9999957093654933 1.3428995886577408e-7
23.300000000000132 0.9999955893067491 1.3880047873203783e-7
23.350000000000133 0.9999954658978459 1.4347503678413453e-7
23.400000000000134 0.9999953396094141 1.483202837768299e-7
23.450000000000134 0.9999952107079084 1.533431781022644e-7
23.500000000000135 0.9999950790195721 1.585510059853476e-7
23.550000000000136 0.9999949441327236 1.6395140089452678e-7
23.600000000000133 0.9999948050153794 1.6955236356193505e-7
23.650000000000134 0.9999946598544684 1.7536228700170798e-7
23.700000000000134 0.9999945071633873 1.8138998022432788e-7
23.750000000000135 0.9999943463484343 1.8764468482245994e-7
23.800000000000136 0.9999941771616128 1.9413609191240012e-7
23.850000000000136 0.9999939996463397 2.0087436378173051e-7
23.900000000000137 0.9999938141941475 2.0787015635863391e-7
23.950000000000138 0.999993621538964 2.151346442433927e-7
24.00000000000014 0.9999934234536465 2.2267954938892363e-7
24.050000000000136 0.9999932221112168 2.3051716984569744e-7
24.100000000000136 0.999993017766907 2.386604130819314e-7
24.150000000000137 0.9999928086005314 2.471228379511212e-7
24.200000000000138 0.9999925929089329 2.559186991452436e-7
24.25000000000014 0.9999923701529375 2.6506299053789357e-7
24.30000000000014 0.9999921401546401 2.7457149109308507e-7
24.35000000000014 0.9999919015552082 2.844608171410266e-7
24.40000000000014 0.9999916513170064 2.94748478897356e-7
24.45000000000014 0.99999138710038 3.0545292828417167e-7
24.50000000000014 0.9999911096998624 3.1659359266787596e-7
24.55000000000014 0.9999908214546286 3.2819091705818435e-7
24.60000000000014 0.9999905230595939 3.402664345806422e-7
24.65000000000014 0.9999902132524322 3.528428509132786e-7
24.70000000000014 0.9999898907166936 3.6594412023024624e-7
24.750000000000142 0.9999895552131383 3.7959551210175937e-7
24.800000000000143 0.9999892070386714 3.938236832055546e-7
24.850000000000144 0.9999888459804267 4.086567652094972e-7
24.900000000000144 0.9999884711500637 4.241244676570525e-7
24.950000000000145 0.999988081496872 4.4025818661328344e-7
25.000000000000142 0.9999876758875063 4.5709111651745174e-7
25.050000000000143 0.9999872530652442 4.746583722383407e-7
25.100000000000144 0.999986812544022 4.929971219874671e-7
25.150000000000144 0.9999863552919468 5.121467218637774e-7
25.200000000000145 0.9999858821639016 5.321488535390708e-7
25.250000000000146 0.9999853917922961 5.530476810341345e-7
25.300000000000146 0.9999848812285462 5.748900301217634e-7
25.350000000000147 0.999984347931897 5.977255768250268e-7
25.400000000000148 0.9999837900463585 6.21607041328247e-7
25.450000000000145 0.9999832058666476 6.465903940527479e-7
25.500000000000146 0.9999825938693854 6.727350762407597e-7
25.550000000000146 0.9999819526556697 7.001042371307807e-7
25.600000000000147 0.9999812807680146 7.287649913429288e-7
25.650000000000148 0.999980576583375 7.587886981442094e-7
25.70000000000015 0.9999798385427086 7.902512645510195e-7
25.75000000000015 0.9999790662573654 8.232334632510565e-7
25.80000000000015 0.9999782606366179 8.578212677904762e-7
25.85000000000015 0.9999774218363542 8.941062413274774e-7
25.900000000000148 0.9999765482042395 9.321859913502676e-7
25.95000000000015 0.9999756372703476 9.72164652817644e-7
26.00000000000015 0.9999746859161076 1.0141533950748792e-6
26.05000000000015 0.9999736900872468 1.0582709851374103e-6
26.10000000000015 0.9999726458461984 1.1046443982368915e-6
26.15000000000015 0.999971550140183 1.1534094526913977e-6
26.200000000000152 0.9999704001824908 1.2047114886340855e-6
26.250000000000153 0.9999691926925207 1.258706117551278e-6
26.300000000000153 0.9999679237550562 1.315560048401456e-6
26.350000000000154 0.9999665893724916 1.3754519905863314e-6
26.40000000000015 0.9999651860148976 1.4385736301148095e-6
26.450000000000152 0.9999637103235365 1.5051306862971893e-6
26.500000000000153 0.9999621588746884 1.5753440716330314e-6
26.550000000000153 0.9999605284390367 1.6494511677128558e-6
26.600000000000154 0.9999588153737026 1.7277072233409331e-6
26.650000000000155 0.9999570145770561 1.8103868945742644e-6
26.700000000000156 0.999955119800096 1.897785940321031e-6
26.750000000000156 0.9999531246214372 1.9902230805359113e-6
26.800000000000157 0.9999510225396503 2.0880420368598877e-6
26.850000000000154 0.9999488067781885 2.191613779988916e-6
26.900000000000155 0.9999464705921074 2.301338996941463e-6
26.950000000000156 0.9999440072380801 2.417650805703721e-6
27.000000000000156 0.9999414092048224 2.5410177669289937e-6
27.050000000000157 0.9999386677928956 2.6719472294894625e-6
27.100000000000158 0.99993577345499 2.8109890199215248e-6
27.15000000000016 0.9999327160361775 2.9587395081592035e-6
27.20000000000016 0.9999294846706345 3.115846113675493e-6
27.25000000000016 0.999926067784709 3.2830123096573567e-6
27.30000000000016 0.9999224531573988 3.4610031729289673e-6
27.350000000000158 0.999918627768144 3.6506515477016056e-6
27.40000000000016 0.9999145774756283 3.852864914599672e-6
27.45000000000016 0.9999102868422883 4.0686330711500965e-6
27.50000000000016 0.9999057393114051 4.299036725863686e-6
27.55000000000016 0.9999009173436169 4.545257093074184e-6
27.60000000000016 0.9998958022144494 4.80858661612208e-6
27.650000000000162 0.9998903738846437 5.090441008719391e-6
27.700000000000163 0.9998846109951315 5.3923727936587885e-6
27.750000000000163 0.9998784905939068 5.716086497967199e-6
27.80000000000016 0.999871987800065 6.06345574985222e-6
27.85000000000016 0.9998650757038016 6.436542598431357e-6
27.900000000000162 0.9998577253047177 6.837619361885961e-6
27.950000000000163 0.9998499053588128 7.269193335477544e-6
28.000000000000163 0.999841582181233 7.734034806953415e-6
28.050000000000164 0.9998327194361394 8.23520890444836e-6
28.100000000000165 0.9998232779457181 8.776111845208139e-6
28.150000000000166 0.9998132154725629 9.360512255879488e-6
28.200000000000166 0.9998024864624628 9.99259837744371e-6
28.250000000000163 0.9997910417664257 1.0677032104265525e-5
28.300000000000164 0.9997788283335729 1.141901097320563e-5
28.350000000000165 0.9997657889042809 1.2224339423195081e-5
28.400000000000166 0.9997518615465062 1.3099510887317127e-5
28.450000000000166 0.9997369790303671 1.4051802575832215e-5
28.500000000000167 0.9997210685094363 1.50893851444391e-5
28.550000000000168 0.9997040513664499 1.6221449873885658e-5
28.60000000000017 0.9996858426869721 1.745835652890663e-5
28.65000000000017 0.9996663508542762 1.881180564882191e-5
28.70000000000017 0.9996454774915392 2.0295039771248538e-5
28.750000000000167 0.9996231168164581 2.1923079121930873e-5
28.800000000000168 0.9995991545087254 2.3712998440884985e-5
28.85000000000017 0.9995734670002172 2.5684252886477e-5
28.90000000000017 0.9995459207499351 2.785906273173547e-5
28.95000000000017 0.9995163710315849 3.026286880455098e-5
29.00000000000017 0.9994846610327442 3.2924873108712294e-5
29.05000000000017 0.9994506214503938 3.5878682155043794e-5
29.100000000000172 0.9994140697525838 3.9163074637308084e-5
29.150000000000173 0.999374809064918 4.282292009281791e-5
29.20000000000017 0.9993326272344313 4.691028110445037e-5
29.25000000000017 0.9992872958249781 5.148573900482654e-5
29.30000000000017 0.9992385686126513 5.661999239250008e-5
29.350000000000172 0.9991861800240064 6.239578910582607e-5
29.400000000000173 0.9991298439392695 6.89102658985738e-5
29.450000000000173 0.9990692524876864 7.627778666191032e-5
29.500000000000174 0.9990040746107365 8.463339011791551e-5
29.550000000000175 0.9989339547179142 9.413698143542526e-5
29.600000000000176 0.9988585114575347 0.00010497842910478336
29.650000000000173 0.9987773362008264 0.00011738375831124496
29.700000000000173 0.9986899912374297 0.0001316226634464985
29.750000000000174 0.998596008189303 0.00014801759185492815
29.800000000000175 0.9984948866860407 0.00016695467237525104
29.850000000000176 0.9983860928945829 0.00018889676594236563
29.900000000000176 0.9982690582429801 0.0002143988858989323
29.950000000000177 0.9981431787213196 0.00024412614898393955
30.000000000000178 0.9980078140824175 0.0002788742410939376
30.05000000000018 0.9978622868592165 0.00031959207317467606
30.10000000000018 0.9977058819343241 0.00036740581617756424
30.150000000000176 0.9975378462748793 0.00042364280249784867
30.200000000000177 0.997357388578856 0.0004898528623028675
30.250000000000178 0.9971636797841198 0.0005678236042268086
30.30000000000018 0.9969558543807975 0.0006595851625433987
30.35000000000018 0.9967330120041592 0.0007673994000911412
30.40000000000018 0.9964942200052882 0.0008937290123135761
30.45000000000018 0.9962385170839599 0.001041183956241183
30.50000000000018 0.9959649173417573 0.0012124463303044527
30.550000000000182 0.9956724151742375 0.001410179725114139
30.60000000000018 0.9953599913501555 0.0016369337036712902
30.65000000000018 0.9950266199500643 0.001895056453265085
30.70000000000018 0.9946712763640593 0.002186627245651027
30.75000000000018 0.9942929466548998 0.0025134152219513806
30.800000000000182 0.993890638232217 0.0028768641726933707
30.850000000000183 0.9934633917537022 0.003278097290577184
30.900000000000183 0.993010294069337 0.0037179334031977713
30.950000000000184 0.9925304923245415 0.004196907118688192
31.000000000000185 0.9920232091975154 0.004715288200813658
31.050000000000182 0.9914877586556922 0.005273098486704966
31.100000000000183 0.9909235623874653 0.005870126572443888
31.150000000000183 0.9903301672106194 0.006505941085808126
31.200000000000184 0.9897072624966631 0.007179903078920092
31.250000000000185 0.9890546973080124 0.007891177507742325
31.300000000000185 0.9883724976100833 0.008638743339132293
31.350000000000186 0.9876608824262838 0.009421401705554418
31.400000000000187 0.9869202781554456 0.010237781694926531
31.450000000000188 0.9861513314899978 0.011086343704773322
31.50000000000019 0.9853549200269736 0.011965380668902636
31.550000000000185 0.9845321595233877 0.01287301778152115
31.600000000000186 0.9836844083750153 0.013807211563637133
31.650000000000187 0.9828132691487036 0.014765749231143765
31.700000000000188 0.9819205861309154 0.015746249320528552
31.75000000000019 0.9810084389680648 0.01674616443079145
31.80000000000019 0.9800791324465961 0.01776278679534418
31.85000000000019 0.9791351819003871 0.018793257215609288
31.90000000000019 0.9781792946789717 0.01983457767392701
31.95000000000019 0.9772143482218477 0.020883627733508308
32.00000000000019 0.976243364208899 0.02193718464572869
32.05000000000019 0.9752694788188221 0.022991946905729102
32.10000000000019 0.9742959106397526 0.02404456083000953
32.15000000000019 0.973325927524121 0.02509164959729593
32.200000000000195 0.9723628123830396 0.026129844101786124
32.25000000000019 0.9714098277973114 0.027155814905452685
32.30000000000019 0.9704701801728713 0.02816630453964789
32.35000000000019 0.9695469848366413 0.029158159401189498
32.40000000000019 0.9686432335360996 0.030128360514117044
32.450000000000195 0.9677617647311939 0.031074052477119828
32.50000000000019 0.9669052357710879 0.031992569979383684
32.550000000000196 0.9660760969550096 0.03288146134843984
32.60000000000019 0.9652765695898762 0.03373850870217439
32.6500000000002 0.9645086295951826 0.034561744402169754
32.700000000000195 0.9637739955064611 0.03534946361629746
32.75000000000019 0.9630741193829101 0.03610023288890057
32.800000000000196 0.9624101811712386 0.036812894713657715
32.85000000000019 0.9617830875004927 0.03748656821291606
32.9000000000002 0.9611934747140035 0.038120646120901235
32.950000000000195 0.9606417155448481 0.03871478833763749
33.0000000000002 0.9601279286112899 0.03926891237834558
33.050000000000196 0.9596519901137244 0.03978318108540566
33.1000000000002 0.9592135481994037 0.04025798799393382
33.1500000000002 0.9588120396568541 0.04069394076187894
33.200000000000195 0.9584467074488591 0.04109184308748946
33.2500000000002 0.9581166194974768 0.04145267552782616
33.300000000000196 0.9578206893938673 0.04177757560820616
33.3500000000002 0.9575576969686647 0.042067817585776726
33.4000000000002 0.9573263075272663 0.0423247922044164
33.4500000000002 0.9571250910283626 0.04254998674836558
33.5000000000002 0.9569525413642185 0.04274496566099092
33.5500000000002 0.9568070949590043 0.042911351953206375
33.6000000000002 0.9566871484292808 0.04305080959038567
33.6500000000002 0.9565910747260393 0.04316502700464408
33.7000000000002 0.9565172378415672 0.04325570184035934
33.7500000000002 0.9564640066960227 0.04332452701673481
33.8000000000002 0.956429767488225 0.043373178159439
33.8500000000002 0.9564129342508881 0.043403302413311966
33.900000000000205 0.9564119586859129 0.0434165086284184
33.9500000000002 0.9564253390308564 0.04341435890146781
34.000000000000206 0.9564516268373818 0.04339836143034241
34.0500000000002 0.9564894319714015 0.04336996461587142
34.1000000000002 0.9565374268861626 0.04333055233610229
34.150000000000205 0.9565943504065153 0.04328144031532141
34.2000000000002 0.9566590103790589 0.043223873506082276
34.250000000000206 0.9567302850699958 0.0431590243976153
34.3000000000002 0.9568071241230189 0.043087992159730686
34.35000000000021 0.9568885489377925 0.043011802530070614
34.400000000000205 0.9569736517519024 0.0429314083561234
34.45000000000021 0.9570615941171497 0.04284769070989282
34.500000000000206 0.9571516054500562 0.042761460496118675
34.55000000000021 0.9572429812457974 0.04267346047647226
34.60000000000021 0.9573350808409143 0.042584367638729984
34.650000000000205 0.9574273247163404 0.04249479584536761
34.70000000000021 0.9575191913770107 0.042405298699510714
34.750000000000206 0.9576102143882346 0.042316372576408634
34.80000000000021 0.957699979335113 0.04222845977520205
34.85000000000021 0.9577881202809476 0.0421419517433423
34.90000000000021 0.9578743166483608 0.04205719233343269
34.95000000000021 0.9579582905817421 0.0419744810663335
35.00000000000021 0.9580398036376441 0.041894076373722625
35.05000000000021 0.9581186532569416 0.041816198789121
35.10000000000021 0.9581946699029492 0.04174103406564271
35.15000000000021 0.9582677142281129 0.041668736208471224
35.20000000000021 0.9583376740203745 0.041599430409887596
35.25000000000021 0.958404461548981 0.041533215874534825
35.30000000000021 0.958468011210153 0.041470168527140125
35.350000000000215 0.9585282770725536 0.041410343598576455
35.40000000000021 0.9585852303881733 0.04135377808729436
35.450000000000216 0.9586388572161274 0.04130049309443781
35.50000000000021 0.9586891562711332 0.04125049603284964
35.55000000000021 0.9587361369896968 0.041203782711080494
35.600000000000215 0.9587798176322271 0.04116033929405836
35.65000000000021 0.9588202234868507 0.041120144143936305
35.700000000000216 0.9588573853383004 0.04108316954598422
35.75000000000021 0.958891337979636 0.041049383323349495
35.80000000000022 0.9589221186153066 0.04101875034402125
35.850000000000215 0.9589497654538115 0.040991233925470535
35.90000000000022 0.958974316581878 0.040966797143761
35.950000000000216 0.9589958088295001 0.04094540405233871
36.00000000000021 0.9590142766324925 0.0409270208146353
36.05000000000022 0.9590297510953303 0.04091161675577734
36.100000000000215 0.9590422591196017 0.040899165339472576
36.15000000000022 0.959051822466765 0.0408896450750917
36.200000000000216 0.9590584569131085 0.04088304035934628
36.25000000000022 0.959062171545856 0.040879342257426454
36.30000000000022 0.9590629680866339 0.04087854922868353
36.35000000000022 0.9590608402501215 0.04088066780167064
36.40000000000022 0.9590557731656411 0.040885713202832824
36.450000000000216 0.9590477428026396 0.04089370994331062
36.50000000000022 0.9590367154092246 0.04090469236839164
36.55000000000022 0.9590226470200099 0.04091870517383539
36.60000000000022 0.9590054829930361 0.04093580389300305
36.65000000000022 0.9589851575435331 0.04095605535875508
36.70000000000022 0.9589615933155362 0.040979538144157834
36.75000000000022 0.9589347009755699 0.04100634298563017
36.800000000000225 0.958904378772169 0.04103657319202688
36.85000000000022 0.9588705120525346 0.04107034504304143
36.900000000000226 0.9588329728124731 0.04110778818030014
36.95000000000022 0.9587916193759539 0.04114904599476862
37.00000000000022 0.958746296047431 0.04119427601392207
37.050000000000225 0.958696832612985 0.04124365029091324
37.10000000000022 0.9586430440024326 0.041297355797944836
37.150000000000226 0.9585847300275318 0.04135559482803787
37.20000000000022 0.9585216747063013 0.04141858540923453
37.25000000000023 0.9584536456101217 0.041486561731673095
37.300000000000225 0.9583803936176589 0.04155977458829398
37.35000000000023 0.9583016523364565 0.04163849183442796
37.400000000000226 0.9582171372768442 0.041722998869708254
37.45000000000022 0.9581265455167731 0.041813599139835345
37.50000000000023 0.9580295552348953 0.041910614659094014
37.550000000000225 0.9579258247282125 0.04201438655968402
37.60000000000023 0.957814991666557 0.04212527566875175
37.650000000000226 0.9576966724596078 0.04224366311049832
37.70000000000023 0.9575704613196871 0.04236995093502625
37.75000000000023 0.9574359294027639 0.04250456277528825
37.80000000000023 0.9572926240556117 0.042647944529242074
37.85000000000023 0.9571400680265089 0.042800565064675826
37.900000000000226 0.9569777586792481 0.04296291694349944
37.95000000000023 0.956805166916857 0.04313551715963493
38.00000000000023 0.9566217360379926 0.04331890788450758
38.05000000000023 0.9564268808477082 0.043513657212960744
38.10000000000023 0.9562199864302594 0.043720359898076336
38.15000000000023 0.9560004067385725 0.04393963805961409
38.20000000000023 0.9557674637628878 0.04417214184951002
38.250000000000234 0.955520446682082 0.04441855005638805
38.30000000000023 0.9552586105679508 0.04467957062520142
38.35000000000023 0.9549811754277657 0.044955941060650324
38.40000000000023 0.9546873255603373 0.04524842868123143
38.45000000000023 0.9543762085699203 0.04555783068863413
38.500000000000234 0.9540469343865228 0.045884974007382645
38.55000000000023 0.953698574927247 0.04623071483849553
38.600000000000236 0.9533301641547227 0.046595937865492015
38.65000000000023 0.9529406980979434 0.04698155504770814
38.70000000000024 0.952529135369512 0.04738850392570071
38.750000000000234 0.9520943986477742 0.04781774534770329
38.80000000000023 0.9516353763216882 0.04827026051981137
38.850000000000236 0.9511509242344641 0.04874704728209947
38.90000000000023 0.9506398686709918 0.04924911549902262
38.95000000000024 0.9501010102394652 0.04977748143543333
39.000000000000234 0.9495331280111133 0.050333160987869434
39.05000000000024 0.9489349850867972 0.05091716163967165
39.100000000000236 0.9483053358636702 0.05153047299811091
39.15000000000024 0.9476429340844096 0.05217405576622716
39.20000000000024 0.9469465422172544 0.0528488290073386
39.250000000000234 0.9462149427178393 0.05355565556812458
39.30000000000024 0.945446950604236 0.054295325532649985
39.350000000000236 0.9446414275225867 0.055068537591115935
39.40000000000024 0.9437972977110279 0.05587587822946495
39.45000000000024 0.9429135656496831 0.056717798673084574
39.50000000000024 0.9419893354383757 0.05759458954742615
39.55000000000024 0.9410238318472673 0.05850635325916218
39.60000000000024 0.94001642288166 0.05945297414787122
39.65000000000024 0.9389666439662886 0.060434086507326665
39.700000000000244 0.937874223078917 0.06144904063998526
39.75000000000024 0.9367391061514349 0.06249686717704871
39.80000000000024 0.9355614831814383 0.06357623995406496
39.85000000000024 0.9343418147620094 0.06468543780027025
39.90000000000024 0.9330808578205518 0.06582230568319353
39.950000000000244 0.9317796902797563 0.06698421572101718
40.00000000000024 0.9304397342475682 0.06816802863485746
40.050000000000246 0.9290627766041939 0.0693700562790128
40.10000000000024 0.9276509866843405 0.07058602595049225
40.15000000000025 0.9262069306715016 0.07181104722617093
40.200000000000244 0.9247335810939435 0.07303958211029987
40.25000000000024 0.9232343205704022 0.07426541930913398
40.300000000000246 0.9217129401629471 0.07548165349073221
40.35000000000024 0.9201736319870457 0.07668067042776444
40.40000000000025 0.91862097515011 0.07785413895626757
40.450000000000244 0.9170599146223123 0.07899301073545792
40.50000000000025 0.9154957329991731 0.08008752887537351
40.550000000000246 0.9139340154337466 0.0811272466067032
40.60000000000025 0.912380608242008 0.08210105731875451
40.65000000000025 0.910841571269587 0.08299723750324392
40.700000000000244 0.9093231242038147 0.08380350439476955
40.75000000000025 0.9078315879634343 0.08450709037378312
40.800000000000246 0.906373322525038 0.08509483649867566
40.85000000000025 0.9049546619669752 0.08555330784239717
40.90000000000025 0.9035818474366659 0.0858689335678968
40.95000000000025 0.902260959295879 0.0860281748089793
41.00000000000025 0.9009978499862674 0.08601772334105293
41.05000000000025 0.8997980788103921 0.0858247336303237
41.10000000000025 0.8986668495403514 0.08543709004393268
41.15000000000025 0.897608951953428 0.0848437097043885
41.20000000000025 0.896628708358289 0.0840348796267118
41.25000000000025 0.895729925865312 0.08300262441672981
41.30000000000025 0.894915855080631 0.08174109809152547
41.35000000000025 0.8941891558128491 0.08024699078715523
41.400000000000254 0.8935518703897144 0.07851993861901774
41.45000000000025 0.8930054050969466 0.07656292311628636
41.500000000000256 0.892550519261898 0.07438264556053163
41.55000000000025 0.8921873211541689 0.07198986073358647
41.60000000000025 0.8919152714026566 0.06939965261734964
41.650000000000254 0.8917331949756515 0.06663162911032602
41.70000000000025 0.8916393007396912 0.06371000129969688
41.750000000000256 0.8916312070285948 0.06066349455795872
41.80000000000025 0.8917059732116823 0.05752501769793923
41.85000000000026 0.8918601373098357 0.05433100361007503
41.900000000000254 0.8920897583527951 0.05112034719487627
41.95000000000026 0.8923904626455735 0.04793291943365059
42.000000000000256 0.8927574941620138 0.04480773129172872
42.05000000000026 0.8931857685048048 0.04178093457505652
42.10000000000026 0.8936699292233347 0.03888393447060857
42.150000000000254 0.8942044057361451 0.036141905576096
42.20000000000026 0.8947834719014782 0.03357293229554996
42.250000000000256 0.8954013049007166 0.03118785893491027
42.30000000000026 0.8960520450948157 0.02899078647387733
42.35000000000026 0.8967298555267288 0.026980042985572914
42.40000000000026 0.8974289786761976 0.025149409278746718
42.45000000000026 0.8981437908017318 0.02348939639161572
42.50000000000026 0.8988688541258965 0.0219884238382217
42.55000000000026 0.8995989646332334 0.02063381073124034
42.60000000000026 0.900329194997767 0.019412547261017196
42.65000000000026 0.9010549339426578 0.018311852914775047
42.70000000000026 0.9017719212310517 0.017319549758515247
42.75000000000026 0.9024762767023263 0.016424287747650732
42.80000000000026 0.9031645229284887 0.015615659053961416
42.850000000000264 0.9038336014606777 0.01488423384270291
42.90000000000026 0.9044808829496566 0.014221543659486354
42.950000000000266 0.9051041710272167 0.013620032279756264
43.00000000000026 0.9057016994685506 0.013072988363635721
43.05000000000026 0.9062721233434996 0.012574469826419585
43.100000000000264 0.9068145047145169 0.012119226461159462
43.15000000000026 0.9073282922929924 0.011702624897864262
43.200000000000266 0.9078132954861029 0.011320578269243903
43.25000000000026 0.9082696541233872 0.010969481787005308
43.30000000000027 0.9086978046623317 0.010646154668828765
43.350000000000264 0.9090984436256588 0.010347788380054398
43.40000000000027 0.9094724886954269 0.010071900873226338
43.450000000000266 0.9098210380920773 0.009816296359079574
43.50000000000026 0.9101453298215972 0.009579030077104478
43.55000000000027 0.9104467014658638 0.009358377519369455
43.600000000000264 0.9107265508180585 0.009152807580972498
43.65000000000027 0.9109862993056429 0.008960959148715666
43.700000000000266 0.9112273593079493 0.008781620682806565
43.75000000000027 0.9114511047829525 0.008613712394144251
43.80000000000027 0.9116588458641433 0.008456270668878964
43.85000000000027 0.9118518084434248 0.008308434435716957
43.90000000000027 0.9120311183568405 0.008169433211399473
43.950000000000266 0.9121977902086845 0.008038576597206196
44.00000000000027 0.9123527214364475 0.007915245031603332
44.05000000000027 0.9124966913348568 0.00779888163160232
44.10000000000027 0.9126303643963177 0.0076889849804995716
44.15000000000027 0.9127542974496073 0.007585102741324708
44.20000000000027 0.9128689500213184 0.007486825993562447
44.25000000000027 0.9129746974367492 0.007393784206280181
44.300000000000274 0.9130718459349001 0.007305640773803232
44.35000000000027 0.913160648809827 0.007222089051283985
44.40000000000027 0.9132413229971528 0.007142848837121855
44.45000000000027 0.9133140655463817 0.007067663256775737
44.50000000000027 0.9133790687118976 0.006996296008480559
44.550000000000274 0.9134365327305856 0.006928528937069448
44.60000000000027 0.9134866766285626 0.006864159906418583
44.650000000000276 0.9135297470192578 0.006803000943620622
44.70000000000027 0.9135660237964649 0.0067448766302051644
44.75000000000028 0.9135958228605846 0.006689622718225054
44.800000000000274 0.9136194968290365 0.006637084950163873
44.85000000000028 0.9136374329447917 0.0065871180620669075
44.900000000000276 0.9136500475916278 0.006539584950576986
44.95000000000027 0.9136577789632653 0.006494355985423986
45.00000000000028 0.9136610788012672 0.006451308448648349
45.050000000000274 0.9136604028872448 0.006410326082212269
45.10000000000028 0.9136562011148324 0.0063712987266080125
45.150000000000276 0.9136489083957651 0.006334122033587538
45.20000000000028 0.9136389365085813 0.0062986972364808885
45.25000000000028 0.9136266666427155 0.006264930962791162
45.30000000000028 0.9136124430578214 0.006232735075282487
45.35000000000028 0.9135965687289324 0.0062020265289815515
45.400000000000276 0.9135793031419014 0.006172727232798546
45.45000000000028 0.9135608617790436 0.0061447639062139695
45.50000000000028 0.9135414176327887 0.0061180679236796705
45.55000000000028 0.9135211050404185 0.006092575141040358
45.60000000000028 0.9135000248730468 0.006068225700112341
45.65000000000028 0.9134782504089787 0.006044963809817415
45.70000000000028 0.9134558339599586 0.006022737504126071
45.750000000000284 0.9134328139203867 0.0060014983787464475
45.80000000000028 0.9134092217660057 0.005981201309900564
45.85000000000028 0.913385088473625 0.005961804160050493
45.90000000000028 0.9133604499863716 0.005943267476215894
45.95000000000028 0.9133353519012919 0.0059255541874792175
46.000000000000284 0.9133098526528273 0.005908629308301222
46.05000000000028 0.9132840243039836 0.005892459654610825
46.100000000000286 0.9132579521101002 0.005877013579271421
46.15000000000028 0.9132317334002077 0.005862260732575807
46.20000000000029 0.913205474637229 0.00584817185273622
46.250000000000284 0.9131792876769359 0.005834718590167303
46.30000000000028 0.9131532866766616 0.005821873367959952
46.350000000000286 0.9131275843531195 0.005809609279307967
46.40000000000028 0.9131022874560033 0.005797900021494147
46.45000000000029 0.9130774931882036 0.0057867198647354
46.500000000000284 0.9130532861477196 0.005776043652360719
46.55000000000029 0.9130297352096811 0.005765846827973917
46.600000000000286 0.913006891745917 0.005756105484299656
46.65000000000029 0.9129847894286992 0.005746796427803319
46.70000000000029 0.9129634448168092 0.005737897252342144
46.750000000000284 0.9129428589590511 0.005729386415639269
46.80000000000029 0.9129230199879478 0.005721243312235745
46.850000000000286 0.9129039061532311 0.005713448337336915
46.90000000000029 0.9128854891454251 0.005705982936559013
46.95000000000029 0.9128677373717023 0.0056988296378790975
47.00000000000029 0.9128506190900498 0.005691972063012056
47.05000000000029 0.9128341056158336 0.005685394916863668
47.10000000000029 0.9128181738811161 0.0056790839549724515
47.15000000000029 0.9128028079290519 0.00567302593008119
47.200000000000294 0.9127879999671792 0.005667208520291029
47.25000000000029 0.9127737506264249 0.005661620242014887
47.30000000000029 0.9127600678326646 0.005656250351872651
47.35000000000029 0.9127469652124524 0.005651088742285517
47.40000000000029 0.9127344605065724 0.005646125835588071
47.450000000000294 0.9127225733541204 0.005641352481388199
47.50000000000029 0.9127113228481629 0.005636759861903056
47.550000000000296 0.9127007257566978 0.005632339409089239
47.60000000000029 0.9126907950049894 0.005628082736881113
47.6500000000003 0.9126815377828911 0.0056239815905986265
47.700000000000294 0.9126729539073656 0.005620027814927591
47.75000000000029 0.9126650352797501 0.005616213340565403
47.800000000000296 0.9126577660522208 0.005612530188527547
47.85000000000029 0.9126511230983592 0.005608970490282526
47.9000000000003 0.9126450773382893 0.005605526520845202
47.950000000000294 0.912639595601981 0.0056021907416683205
48.0000000000003 0.912634642209927 0.005598955849234835
48.050000000000296 0.9126301811029333 0.005595814825630472
48.1000000000003 0.9126261785515493 0.005592760987046998
48.1500000000003 0.9126226043591914 0.0055897880266207465
48.200000000000294 0.9126194316950527 0.00558689004854577
48.2500000000003 0.9126166377358507 0.005584061591183435
48.300000000000296 0.9126142049226763 0.00558129763743505
48.3500000000003 0.9126121214695757 0.005578593611718538
48.4000000000003 0.9126103808656757 0.005575945363871104
48.4500000000003 0.9126089803242446 0.005573349141058914
48.5000000000003 0.9126079190493431 0.005570801549583209
48.5500000000003 0.912607197646731 0.005568299509092963
48.6000000000003 0.912606817709751 0.005565840202066207
48.6500000000003 0.9126067798627954 0.0055634210217057
48.7000000000003 0.9126070809364528 0.00556103952155187
48.7500000000003 0.9126077123358733 0.0055586933697664345
48.8000000000003 0.9126086605869845 0.005556380310787671
48.8500000000003 0.912609908704709 0.0055540981361876535
48.900000000000304 0.9126114361983081 0.005551844666097612
48.9500000000003 0.9126132183017703 0.005549617741902802
49.000000000000306 0.9126152267843474 0.005547415230032075
49.0500000000003 0.9126174320788949 0.005545235035905609
49.1000000000003 0.91261980497283 0.00554307512633897
49.150000000000304 0.9126223179597435 0.005540933558256848
49.2000000000003 0.9126249466149493 0.005538808511262211
49.250000000000306 0.9126276703710418 0.005536698321112357
49.3000000000003 0.9126304729411842 0.005534601511494982
49.35000000000031 0.9126333426899987 0.005532516821344377
49.400000000000304 0.9126362721946379 0.005530443225526925
49.45000000000031 0.9126392574685147 0.0055283799470504545
49.500000000000306 0.9126422975727455 0.005526326459644298
49.5500000000003 0.9126453930200809 0.005524282480248613
49.60000000000031 0.9126485430800215 0.005522247951582237
49.650000000000304 0.9126517451994285 0.005520223015793509
49.70000000000031 0.9126549962654181 0.0055182079805252
49.750000000000306 0.9126582924951521 0.005516203279342679
49.80000000000031 0.9126616283678307 0.005514209428900585
49.85000000000031 0.9126649964030515 0.0055122269853972415
49.90000000000031 0.9126683872497152 0.00551025650280506
49.95000000000031 0.9126717898375913 0.005508298495156929
50.00000000000031 0.9126751919482416 0.005506353405008378
50.05000000000031 0.9126785809009618 0.0055044215795727585
50.10000000000031 0.9126819444531453 0.005502503255661191
50.15000000000031 0.9126852716049424 0.005500598553772102
50.20000000000031 0.9126885525978321 0.005498707481199883
50.25000000000031 0.9126917789511966 0.00549682994343935
50.30000000000031 0.9126949443545798 0.005494965762555235
50.350000000000314 0.9126980455581127 0.005493114700881324
50.40000000000031 0.9127010822147276 0.005491276487990308
50.450000000000315 0.9127040556101387 0.005489450848893355
50.50000000000031 0.9127069676104611 0.005487637531365139
50.55000000000031 0.9127098207620983 0.005485836330497673
50.600000000000314 0.9127126181723936 0.005484047108761016
50.65000000000031 0.9127153627516913 0.00548226981038104
50.700000000000315 0.9127180573750702 0.005480504469259353
50.75000000000031 0.9127207052166434 0.0054787512101986124
50.80000000000032 0.9127233085813052 0.0054770102436513665
50.850000000000314 0.9127258674990363 0.0054752818548209105
50.90000000000032 0.9127283796907705 0.00547356638827544
50.950000000000315 0.912730841381096 0.005471864229478803
51.00000000000031 0.9127332477908157 0.005470175784877403
51.05000000000032 0.9127355931171905 0.00546850146227875
51.100000000000314 0.9127378709121919 0.005466841653140792
51.15000000000032 0.9127400747648634 0.005465196718268265
51.200000000000315 0.9127421982826253 0.00546356697791006
51.25000000000032 0.9127442352175009 0.005461952707184754
51.30000000000032 0.9127461804438318 0.005460354137007281
51.35000000000032 0.9127480305729615 0.0054587714604187945
51.40000000000032 0.9127497840770955 0.005457204843751756
51.450000000000315 0.9127514411665589 0.0054556544416607036
51.50000000000032 0.9127530030645924 0.005454120414757742
51.55000000000032 0.9127544720232433 0.005452602948420994
51.60000000000032 0.9127558520557443 0.005451102271165378
51.65000000000032 0.912757148223181 0.005449618671082642
51.70000000000032 0.9127583657206824 0.005448152508921932
51.75000000000032 0.9127595101205143 0.005446704226745433
51.800000000000324 0.912760586262724 0.005445274351265656
51.85000000000032 0.9127615962180915 0.005443863491525492
51.90000000000032 0.9127625393687627 0.005442472330906911
51.95000000000032 0.9127634134205109 0.005441101613838352
52.00000000000032 0.9127642146231504 0.005439752127933583
52.050000000000324 0.912764938411402 0.005438424682763994
52.10000000000032 0.9127655805031268 0.005437120086480494
52.150000000000325 0.9127661374364188 0.0054358391217993116
52.20000000000032 0.9127666067274056 0.005434582522845273
52.25000000000033 0.9127669870067421 0.005433350954203664
52.300000000000324 0.9127672784602011 0.005432144993419071
52.35000000000033 0.9127674834614654 0.005430965117912545
52.400000000000325 0.9127676064767082 0.005429811696808206
52.45000000000032 0.9127676533910494 0.005428684988066285
52.50000000000033 0.9127676311241452 0.005427585140687455
52.550000000000324 0.9127675472355226 0.005426512201543565
52.60000000000033 0.912767409215548 0.005425466126074238
52.650000000000325 0.912767224032037 0.0054244467917193995
52.70000000000033 0.9127669981223121 0.005423454013012904
52.75000000000033 0.9127667373490077 0.005422487557011956
52.80000000000033 0.912766446503812 0.0054215471578295685
52.85000000000033 0.9127661286857641 0.0054206325293067025
52.900000000000325 0.9127657853341448 0.005419743374804957
52.95000000000033 0.9127654167699036 0.005418879393602834
53.00000000000033 0.9127650225095004 0.0054180402835830605
53.05000000000033 0.9127646017122434 0.00541722574018502
53.10000000000033 0.9127641541927529 0.0054164354520670815
53.15000000000033 0.9127636808943417 0.005415669094004809
53.20000000000033 0.9127631832784453 0.005414926317917588
53.250000000000334 0.912762663045743 0.0054142067430233256
53.30000000000033 0.9127621225817911 0.005413509946249624
53.35000000000033 0.9127615648344203 0.005412835453780433
53.40000000000033 0.9127609929756276 0.00541218273486509
53.45000000000033 0.9127604109299349 0.0054115511985658345
53.500000000000334 0.9127598236113483 0.0054109401939260796
53.55000000000033 0.9127592360679335 0.005410349013928215
53.600000000000335 0.9127586528671691 0.005409776903093715
53.65000000000033 0.9127580779976957 0.005409223068438
53.70000000000034 0.9127575144488421 0.00540868669318778
53.750000000000334 0.9127569639009474 0.005408166952430266
53.80000000000033 0.9127564269597647 0.005407663029698553
53.850000000000335 0.9127559033939981 0.0054071741335330065
53.90000000000033 0.912755392233125 0.005406699512911877
53.95000000000034 0.9127548918785319 0.005406238470642378
54.000000000000334 0.9127544002444079 0.005405790373876479
54.05000000000034 0.9127539151642239 0.005405354661222264
54.100000000000335 0.912753434904443 0.005404930846034598
54.15000000000034 0.912752958289434 0.0054045185159109985
54.20000000000034 0.9127524847161654 0.005404117328543343
54.250000000000334 0.9127520143374385 0.005403727004396154
54.30000000000034 0.9127515477530023 0.00540334731692499
54.350000000000335 0.9127510852869092 0.005402978081135976
54.40000000000034 0.9127506269892965 0.005402619141383095
54.45000000000034 0.9127501730835037 0.00540227035941554
54.50000000000034 0.9127497238239201 0.005401931603455819
54.55000000000034 0.9127492795017181 0.005401602739130543
54.60000000000034 0.9127488410405762 0.00540128362281126
54.65000000000034 0.9127484098195057 0.005400974097732255
54.70000000000034 0.912747986850016 0.005400673993008564
54.75000000000034 0.9127475727079793 0.005400383125395784
54.80000000000034 0.9127471676738094 0.005400101303503321
54.85000000000034 0.912746771412457 0.0053998283338678905
54.90000000000034 0.9127463830840317 0.005399564028179338
54.950000000000344 0.9127460018773077 0.005399308210944953
55.00000000000034 0.9127456271118342 0.005399060726719396
55.050000000000345 0.9127452580334748 0.005398821446189282
55.10000000000034 0.9127448937279758 0.005398590270466681
55.15000000000035 0.9127445331805921 0.005398367133044202
55.200000000000344 0.9127441753066956 0.005398151999173225
55.25000000000034 0.9127438189074756 0.005397944862553764
55.300000000000345 0.9127434629988446 0.0053977457394596496
55.35000000000034 0.9127431073673156 0.005397554660707597
55.40000000000035 0.9127427525266807 0.005397371661895956
55.450000000000344 0.9127423994424098 0.005397196772687084
55.50000000000035 0.9127420496397891 0.0053970300058011535
55.550000000000345 0.9127417051116308 0.00539687134655605
55.60000000000035 0.9127413680199019 0.005396720743555746
55.65000000000035 0.9127410406931922 0.00539657810135892
55.700000000000344 0.9127407254843574 0.005396443275432752
55.75000000000035 0.9127404244334625 0.005396316069827529
55.800000000000345 0.9127401391767425 0.005396196237590311
55.85000000000035 0.9127398708577259 0.005396083483950823
55.90000000000035 0.9127396199840336 0.005395977471803771
55.95000000000035 0.9127393862993378 0.00539587782922654
56.00000000000035 0.9127391685978966 0.005395784158254625
56.05000000000035 0.9127389652493282 0.005395696044398462
56.10000000000035 0.91273877524976 0.005395613066087308
56.15000000000035 0.9127385981417114 0.005395534803379499
56.20000000000035 0.9127384332816544 0.005395460845425656
56.25000000000035 0.9127382799886351 0.0053953907960958445
56.30000000000035 0.9127381378491954 0.005395324277558731
56.35000000000035 0.9127380067186753 0.005395260931655304
56.400000000000354 0.912737887000908 0.005395200419105831
56.45000000000035 0.9127377794016255 0.00539514241683532
56.500000000000355 0.9127376843118893 0.0053950866137913184
56.55000000000035 0.9127376025200337 0.005395032705788541
56.60000000000035 0.9127375362289679 0.005394980389971353
56.650000000000354 0.9127374882729437 0.005394929359516716
56.70000000000035 0.9127374605789055 0.005394879299178937
56.750000000000355 0.9127374537030619 0.005394829882170939
56.80000000000035 0.9127374673027858 0.005394780768865182
56.85000000000036 0.9127375006643659 0.005394731607479194
56.900000000000354 0.912737552669446 0.0053946820368179094
56.95000000000036 0.9127376213303751 0.0053946316911209075
57.000000000000355 0.9127377038020569 0.00539458020650136
57.05000000000035 0.9127377971532634 0.0053945272287938455
57.10000000000036 0.9127378991331291 0.005394472422160934
57.150000000000354 0.9127380082845482 0.005394415477820419
57.20000000000036 0.9127381236478282 0.005394356122347026
57.250000000000355 0.9127382447819771 0.005394294124887875
57.30000000000036 0.912738372125035 0.005394229302730379
57.35000000000036 0.9127385070360293 0.005394161524835586
57.40000000000036 0.9127386515068342 0.005394090713055726
57.45000000000036 0.9127388079845653 0.005394016840887364
57.50000000000036 0.9127389791084399 0.005393939929829505
57.55000000000036 0.9127391669350824 0.0053938600436511655
57.60000000000036 0.9127393720442338 0.005393777280829733
57.65000000000036 0.9127395935034296 0.005393691765799887
57.70000000000036 0.9127398295864282 0.005393603639520721
57.75000000000036 0.9127400779009333 0.005393513050016499
57.80000000000036 0.9127403348260418 0.0053934201435754505
57.850000000000364 0.9127405954949903 0.005393325057077153
57.90000000000036 0.9127408543550887 0.005393227912043507
57.950000000000365 0.912741105669305 0.005393128810691029
58.00000000000036 0.9127413440812056 0.0053930278342235426
58.05000000000036 0.9127415650964634 0.005392925043375441
58.100000000000364 0.9127417652885238 0.005392820481115566
58.15000000000036 0.9127419426354617 0.005392714177227521
58.200000000000365 0.9127420967916441 0.005392606154317785
58.25000000000036 0.9127422289140108 0.005392496434821859
58.30000000000037 0.9127423415564528 0.005392385048439228
58.350000000000364 0.9127424386918657 0.005392272039374823
58.40000000000037 0.9127425251061471 0.005392157472915403
58.450000000000365 0.9127426053121321 0.005392041440855466
58.50000000000036 0.9127426831079443 0.005391924065335418
58.55000000000037 0.9127427619985568 0.005391805500926196
58.600000000000364 0.9127428453412186 0.005391685934778256
58.65000000000037 0.9127429358600558 0.0053915655848808895
58.700000000000365 0.9127430354902848 0.0053914446966116525
58.75000000000037 0.9127431454526338 0.0053913235377753815
58.80000000000037 0.9127432658077748 0.005391202392594222
58.85000000000037 0.9127433952269952 0.005391081554974004
58.90000000000037 0.9127435314915516 0.005390961321547976
58.950000000000365 0.9127436719256015 0.005390841984935028
59.00000000000037 0.9127438136057189 0.005390723827574136
59.05000000000037 0.9127439535339761 0.005390607116472759
59.10000000000037 0.9127440886404522 0.005390492099136335
59.15000000000037 0.9127442160690452 0.00539037900075382
59.20000000000037 0.9127443337028479 0.0053902680226854925
59.25000000000037 0.9127444401276753 0.00539015934222254
59.300000000000374 0.9127445343812566 0.00539005311333177
59.35000000000037 0.9127446160036442 0.005389949468270287
59.40000000000037 0.9127446848575339 0.005389848519715165
59.45000000000037 0.9127447407701708 0.0053897503631147965
59.50000000000037 0.9127447835595931 0.005389655078963915
59.550000000000374 0.9127448132889203 0.005389562734776072
59.60000000000037 0.9127448304301267 0.005389473386495926
59.650000000000375 0.9127448357152335 0.005389387079255049
59.70000000000037 0.9127448297356705 0.00538930384742081
59.75000000000038 0.9127448129668245 0.005389223713943504
59.800000000000374 0.9127447861585983 0.0053891466891385145
59.85000000000037 0.9127447503177774 0.00538907276903711
59.900000000000375 0.9127447066924599 0.00538900193358143
59.95000000000037 0.9127446572121068 0.00538893414483454
60.00000000000038 0.912744604403593 0.005388869345501975
60.050000000000374 0.9127445506367085 0.0053888074579630345
60.10000000000038 0.9127444978762534 0.005388748384000718
60.150000000000375 0.9127444478646636 0.005388692005350029
60.20000000000038 0.9127444019751509 0.005388638185129854
60.25000000000038 0.9127443611270567 0.005388586770093165
60.30000000000038 0.9127443259928656 0.005388537593681116
60.35000000000038 0.9127442969900401 0.005388490479653943
60.400000000000375 0.9127442741715307 0.005388445246089006
60.45000000000038 0.9127442572797042 0.005388401709586767
60.50000000000038 0.9127442457780737 0.005388359689292119
60.55000000000038 0.9127442389984523 0.005388319010624322
60.60000000000038 0.9127442363813351 0.005388279508404193
60.65000000000038 0.9127442373517146 0.00538824102921421
60.70000000000038 0.9127442411112984 0.00538820343295739
60.750000000000384 0.9127442468140926 0.005388166593421995
60.80000000000038 0.9127442537311083 0.005388130398083441
60.85000000000038 0.9127442611943769 0.005388094747042609
60.90000000000038 0.9127442687151819 0.005388059551381093
60.95000000000038 0.9127442762142266 0.005388024731129872
61.000000000000384 0.9127442838729625 0.005387990212959862
61.05000000000038 0.9127442916666237 0.005387955928029505
61.100000000000385 0.9127442992068829 0.005387921810049974
61.15000000000038 0.9127443059688288 0.005387887793798849
61.20000000000039 0.9127443113415384 0.005387853814315826
61.250000000000384 0.912744314646926 0.005387819806723698
61.30000000000038 0.9127443155441132 0.005387785706841995
61.350000000000385 0.9127443142311772 0.005387751452434083
61.40000000000038 0.9127443111314786 0.005387716985024064
61.45000000000039 0.9127443067289783 0.005387682252137821
61.500000000000384 0.9127443016372665 0.005387647209739952
61.55000000000039 0.9127442965361902 0.005387611824675116
61.600000000000385 0.912744292103725 0.0053875760768416145
61.65000000000039 0.9127442890255758 0.005387539960928224
61.70000000000039 0.9127442880015134 0.005387503487563101
61.750000000000384 0.9127442896960909 0.005387466683691671
61.80000000000039 0.9127442945367412 0.0053874295921584135
61.850000000000385 0.9127443026268959 0.005387392270493532
61.90000000000039 0.9127443139385045 0.005387354788953179
61.95000000000039 0.9127443283628917 0.005387317227952098
62.00000000000039 0.9127443456217843 0.005387279675064445
62.05000000000039 0.912744365346648 0.005387242221764887
62.10000000000039 0.9127443870925066 0.0053872049602060245
62.15000000000039 0.9127444102280016 0.005387167980178425
62.20000000000039 0.9127444339567043 0.0053871313665313
62.25000000000039 0.9127444574158458 0.005387095197147081
62.30000000000039 0.9127444798331061 0.005387059541659004
62.35000000000039 0.912744500662484 0.005387024460937745
62.40000000000039 0.9127445194725259 0.005386990007350136
62.450000000000394 0.9127445358515079 0.0053869562257500715
62.50000000000039 0.9127445494864009 0.005386923155028752
62.550000000000395 0.9127445600436348 0.005386890830082127
62.60000000000039 0.9127445670425066 0.005386859284024296
62.6500000000004 0.9127445701110498 0.005386828550427428
62.700000000000394 0.9127445691579867 0.005386798665285526
62.75000000000039 0.9127445641466412 0.005386769668677525
62.800000000000395 0.9127445549693036 0.005386741605757166
62.85000000000039 0.9127445415035536 0.005386714527209538
62.9000000000004 0.9127445234091275 0.005386688488891542
62.950000000000394 0.9127444999175036 0.005386663550816527
63.0000000000004 0.9127444701102079 0.0053866397754875625
63.050000000000395 0.9127444332547865 0.005386617225711888
63.1000000000004 0.9127443888187956 0.005386595962086368
63.1500000000004 0.912744336611594 0.005386576040305023
63.200000000000394 0.912744277013107 0.005386557508546326
63.2500000000004 0.9127442108440607 0.005386540405110302
63.300000000000395 0.9127441392068897 0.005386524756473596
63.3500000000004 0.9127440635127112 0.0053865105760144945
63.4000000000004 0.9127439853597505 0.00538649786336303
63.4500000000004 0.9127439063837822 0.005386486604523177
63.5000000000004 0.9127438282088902 0.005386476772726998
63.5500000000004 0.912743752307747 0.005386468329991558
63.6000000000004 0.9127436799153351 0.005386461229133966
63.6500000000004 0.9127436119889779 0.005386455416236135
63.7000000000004 0.9127435490622802 0.005386450833330307
63.7500000000004 0.9127434913396486 0.005386447420952948
63.8000000000004 0.912743438978898 0.005386445120648476
63.8500000000004 0.9127433920710569 0.005386443876966908
63.900000000000404 0.9127433505274716 0.005386443638939892
63.9500000000004 0.9127433141479343 0.005386444361049054
64.0000000000004 0.912743282672146 0.005386446003334055
64.05000000000041 0.9127432558534452 0.005386448530972527
64.1000000000004 0.9127432335880767 0.005386451913208745
64.1500000000004 0.9127432159160087 0.0053864561217644704
64.2000000000004 0.9127432029798462 0.005386461128922918
64.2500000000004 0.9127431950807369 0.005386466905486051
64.30000000000041 0.912743192778171 0.005386473418701316
64.3500000000004 0.9127431968312472 0.005386480630401752
64.4000000000004 0.9127432077724121 0.005386488495571297
64.4500000000004 0.9127432255424792 0.005386496961335158
64.50000000000041 0.9127432497384983 0.005386505966632468
64.55000000000041 0.9127432799713908 0.005386515442476117
64.6000000000004 0.9127433157553158 0.005386525312843191
64.6500000000004 0.9127433562903783 0.005386535496156593
64.7000000000004 0.9127434004342972 0.00538654590719682
64.75000000000041 0.9127434467975217 0.005386556459371165
64.80000000000041 0.9127434939849035 0.005386567067048631
64.8500000000004 0.9127435407297175 0.00538657764794068
64.9000000000004 0.9127435856896366 0.005386588125229332
64.95000000000041 0.9127436273464263 0.005386598429354157
65.00000000000041 0.9127436643786493 0.0053866084992448245
65.05000000000041 0.9127436960902904 0.005386618283080236
65.1000000000004 0.9127437223633441 0.0053866277383201565
65.1500000000004 0.912743743316279 0.005386636831208452
65.20000000000041 0.9127437591819343 0.00538664553569379
65.25000000000041 0.9127437703740395 0.005386653831918903
65.30000000000041 0.9127437774253812 0.005386661704401995
65.3500000000004 0.9127437808910774 0.005386669140068249
65.40000000000042 0.9127437813316485 0.005386676126292393
65.45000000000041 0.912743779232167 0.005386682649157999
65.50000000000041 0.9127437748835037 0.005386688692006048
65.55000000000041 0.9127437683183786 0.0053866942344698385
65.6000000000004 0.9127437593105906 0.005386699252012029
65.65000000000042 0.9127437475334728 0.005386703716052832
65.70000000000041 0.9127437327330107 0.005386707594622838
65.75000000000041 0.9127437146512454 0.005386710853530466
65.80000000000041 0.912743692936648 0.005386713457913134
65.85000000000042 0.9127436672983548 0.005386715374075276
65.90000000000042 0.912743637700463 0.005386716571426441
65.95000000000041 0.9127436044524383 0.0053867170243949184
66.00000000000041 0.9127435681674665 0.005386716714107738
66.05000000000041 0.912743529587374 0.005386715629790361
66.10000000000042 0.9127434895814946 0.005386713769679368
66.15000000000042 0.9127434493423321 0.005386711141422007
66.20000000000041 0.9127434103107605 0.005386707761935887
66.25000000000041 0.9127433739384205 0.005386703656721366
66.30000000000042 0.9127433416726046 0.005386698858655936
66.35000000000042 0.9127433148195502 0.005386693406462406
66.40000000000042 0.9127432941441829 0.005386687342832545
66.45000000000041 0.9127432797828823 0.005386680712452534
66.50000000000041 0.9127432715040772 0.005386673560057417
66.55000000000042 0.9127432688513916 0.005386665928617333
66.60000000000042 0.9127432711837962 0.005386657857849803
66.65000000000042 0.9127432777564459 0.0053866493831104915
66.70000000000041 0.9127432877817003 0.005386640534771668
66.75000000000043 0.9127433005334878 0.0053866313381222
66.80000000000042 0.9127433154812863 0.005386621813701263
66.85000000000042 0.9127433323082806 0.0053866119781415195
66.90000000000042 0.9127433508837557 0.005386601845334784
66.95000000000041 0.9127433712766552 0.00538659142787548
67.00000000000043 0.9127433937207328 0.0053865807385908016
67.05000000000042 0.9127434185214427 0.005386569792094679
67.10000000000042 0.9127434460120679 0.005386558606140969
67.15000000000042 0.9127434765884631 0.005386547202718403
67.20000000000043 0.9127435106749632 0.005386535608807398
67.25000000000043 0.9127435484943194 0.0053865238566605245
67.30000000000042 0.9127435898706896 0.00538651198363082
67.35000000000042 0.9127436343077576 0.005386500031559211
67.40000000000042 0.9127436811170351 0.005386488045778699
67.45000000000043 0.9127437294203231 0.005386476073729484
67.50000000000043 0.9127437782350016 0.005386464163425002
67.55000000000042 0.9127438266316806 0.005386452361768069
67.60000000000042 0.9127438737282375 0.005386440712938087
67.65000000000043 0.9127439186133285 0.005386429256945302
67.70000000000043 0.9127439604130557 0.0053864180283988905
67.75000000000043 0.9127439984510762 0.0053864070557027985
67.80000000000042 0.9127440323460447 0.005386396360631604
67.85000000000042 0.912744061984587 0.005386385958371183
67.90000000000043 0.912744087449367 0.005386375857982795
67.95000000000043 0.9127441089969967 0.005386366063259569
68.00000000000043 0.9127441270171778 0.005386356573909529
68.05000000000042 0.9127441419339374 0.005386347386929331
68.10000000000043 0.9127441541770153 0.005386338498121886
68.15000000000043 0.9127441642103183 0.005386329903524775
68.20000000000043 0.9127441724608653 0.005386321600776558
68.25000000000043 0.9127441791966124 0.005386313590173022
68.30000000000042 0.9127441844806645 0.005386305875450331
68.35000000000043 0.912744188181855 0.005386298464130312
68.40000000000043 0.9127441900212125 0.0053862913675165065
68.45000000000043 0.9127441896317058 0.005386284600228625
68.50000000000043 0.9127441865618371 0.005386278179462516
68.55000000000044 0.9127441803044994 0.005386272123878119
68.60000000000043 0.9127441704214871 0.0053862664523337215
68.65000000000043 0.9127441566062978 0.0053862611825609
68.70000000000043 0.9127441387029746 0.005386256329819043
68.75000000000043 0.9127441168688678 0.0053862519056865725
68.80000000000044 0.9127440916806806 0.00538624791710871
68.85000000000043 0.9127440639550771 0.005386244365766978
68.90000000000043 0.9127440345673317 0.005386241247710439
68.95000000000043 0.91274400442729 0.005386238553521992
69.00000000000044 0.9127439743679129 0.005386236268708069
69.05000000000044 0.9127439449996633 0.005386234374504039
69.10000000000043 0.9127439167692701 0.005386232848918724
69.15000000000043 0.912743890052672 0.005386231667960303
69.20000000000044 0.9127438650951462 0.005386230806943022
69.25000000000044 0.9127438419550018 0.005386230241768307
69.30000000000044 0.9127438205339077 0.005386229950090934
69.35000000000043 0.912743800604631 0.005386229912238211
69.40000000000043 0.9127437818452352 0.005386230111902679
69.45000000000044 0.912743763912496 0.005386230536458024
69.50000000000044 0.9127437465142111 0.005386231176926151
69.55000000000044 0.9127437294674149 0.005386232027644994
69.60000000000043 0.9127437127256685 0.005386233085603402
69.65000000000045 0.9127436963586093 0.0053862343495286805
69.70000000000044 0.9127436805519876 0.005386235818862679
69.75000000000044 0.9127436656483429 0.00538623749262408
69.80000000000044 0.9127436521188274 0.005386239368330696
69.85000000000043 0.9127436404586954 0.005386241441053142
69.90000000000045 0.9127436311205922 0.005386243702645533
69.95000000000044 0.9127436244668194 0.005386246141266546
70.00000000000044 0.9127436206834205 0.00538624874124934
70.05000000000044 0.9127436197430425 0.005386251483225336
70.10000000000045 0.9127436214633866 0.005386254344617418
70.15000000000045 0.9127436255689724 0.0053862573003928904
70.20000000000044 0.912743631703164 0.005386260324061929
70.25000000000044 0.9127436394200801 0.0053862633887761455
70.30000000000044 0.9127436482100438 0.005386266468490427
70.35000000000045 0.9127436575623712 0.0053862695391039325
70.40000000000045 0.9127436669950566 0.005386272579481488
70.45000000000044 0.9127436760876233 0.005386275572193354
70.50000000000044 0.9127436846001978 0.005386278504086984
70.55000000000045 0.9127436925275876 0.005386281366466137
70.60000000000045 0.9127436999941038 0.0053862841550476204
70.65000000000045 0.9127437071911433 0.005386286869498687
70.70000000000044 0.9127437143819112 0.005386289512754598
70.75000000000044 0.9127437218080515 0.005386292090173429
70.80000000000045 0.9127437296148865 0.00538629460844284
70.85000000000045 0.9127437379052551 0.005386297074522622
70.90000000000045 0.9127437467554976 0.005386299494569102
70.95000000000044 0.9127437561534899 0.005386301872979728
71.00000000000045 0.9127437659776012 0.005386304211674077
71.05000000000045 0.9127437760105684 0.005386306509563141
71.10000000000045 0.912743785944669 0.005386308762353498
71.15000000000045 0.9127437953949933 0.005386310962621037
71.20000000000044 0.9127438039554556 0.005386313100187665
71.25000000000045 0.9127438112924211 0.00538631516273639
71.30000000000045 0.9127438171880378 0.005386317136713685
71.35000000000045 0.912743821525563 0.005386319008235064
71.40000000000045 0.9127438243035958 0.00538632076414378
71.45000000000046 0.9127438256424387 0.005386322393026402
71.50000000000045 0.9127438257524234 0.005386323886068133
71.55000000000045 0.9127438249216905 0.005386325237786892
71.60000000000045 0.9127438234748321 0.005386326446509016
71.65000000000045 0.912743821703043 0.005386327514549857
71.70000000000046 0.9127438198510403 0.005386328448174198
71.75000000000045 0.9127438180889197 0.005386329257161241
71.80000000000045 0.9127438164739892 0.005386329954255325
71.85000000000045 0.9127438150075463 0.005386330554312542
71.90000000000046 0.9127438136627117 0.005386331073334673
71.95000000000046 0.9127438123629696 0.005386331527440132
72.00000000000045 0.9127438110748642 0.005386331931922769
72.05000000000045 0.9127438098492874 0.005386332300275274
72.10000000000045 0.9127438086789177 0.00538633264345335
72.15000000000046 0.9127438074436007 0.005386332969315081
72.20000000000046 0.9127438060000848 0.005386333282355485
72.25000000000045 0.9127438042250129 0.005386333583664249
72.30000000000045 0.9127438020349561 0.005386333871158511
72.35000000000046 0.9127437994102287 0.005386334140050542
72.40000000000046 0.9127437963693333 0.005386334383519495
72.45000000000046 0.9127437929727403 0.0053863345935149815
72.50000000000045 0.9127437893705328 0.005386334761620639
72.55000000000045 0.912743785785129 0.005386334879929872
72.60000000000046 0.9127437824146856 0.005386334941837779
72.65000000000046 0.9127437793477743 0.005386334942724405
72.70000000000046 0.9127437766032722 0.00538633488040019
72.75000000000045 0.9127437742587319 0.005386334755445277
72.80000000000047 0.9127437724500278 0.005386334571166017
72.85000000000046 0.9127437712277426 0.005386334333449961
72.90000000000046 0.9127437705020799 0.005386334050329266
72.95000000000046 0.9127437701264213 0.005386333731422042
73.00000000000045 0.9127437699771387 0.00538633338720794
73.05000000000047 0.9127437699680574 0.005386333028301424
73.10000000000046 0.9127437700217546 0.005386332664670599
73.15000000000046 0.912743770046012 0.005386332304943913
73.20000000000046 0.9127437699640706 0.005386331955852876
73.25000000000047 0.9127437697732027 0.005386331621835605
73.30000000000047 0.9127437695474161 0.005386331304787164
73.35000000000046 0.9127437693755901 0.005386331004114905
73.40000000000046 0.9127437693288452 0.005386330716907899
73.45000000000046 0.9127437694836877 0.005386330438352005
73.50000000000047 0.9127437699187034 0.005386330162272638
73.55000000000047 0.9127437706869673 0.005386329881804813
73.60000000000046 0.9127437718221624 0.0053863295900761195
73.65000000000046 0.9127437733435376 0.005386329280908676
73.70000000000047 0.9127437752275995 0.005386328949458395
73.75000000000047 0.9127437773822186 0.005386328592723071
73.80000000000047 0.91274377965816 0.005386328209902611
73.85000000000046 0.912743781929218 0.00538632780255524
73.90000000000046 0.9127437841606482 0.0053863273745919146
73.95000000000047 0.9127437863423165 0.005386326932047714
74.00000000000047 0.9127437883999775 0.005386326482683314
74.05000000000047 0.9127437902337119 0.005386326035455508
74.10000000000046 0.9127437917716441 0.00538632559988035
74.15000000000047 0.9127437929620795 0.005386325185369914
74.20000000000047 0.9127437937921002 0.005386324800538978
74.25000000000047 0.9127437943097246 0.005386324452605699
74.30000000000047 0.9127437945949805 0.005386324146900939
74.35000000000048 0.9127437947397399 0.00538632388650404
74.40000000000047 0.9127437948462168 0.0053863236720642325
74.45000000000047 0.9127437949996688 0.005386323501808239
74.50000000000047 0.9127437952509369 0.005386323371725927
74.55000000000047 0.9127437956266425 0.005386323275916356
74.60000000000048 0.9127437961114029 0.00538632320706859
74.65000000000047 0.9127437966227537 0.0053863231570477265
74.70000000000047 0.9127437970662274 0.005386323117501127
74.75000000000047 0.9127437974139357 0.005386323080487366
74.80000000000048 0.912743797677161 0.005386323039020657
74.85000000000048 0.9127437978315371 0.00538632298755886
74.90000000000047 0.912743797818982 0.0053863229223284044
74.95000000000047 0.9127437975754439 0.005386322841499339
75.00000000000047 0.9127437970239473 0.005386322745202919
75.05000000000048 0.9127437960925131 0.0053863226353740145
75.10000000000048 0.9127437947635175 0.0053863225154539805
75.15000000000047 0.9127437930861735 0.0053863223899680195
75.20000000000047 0.9127437911408023 0.0053863222640304215
75.25000000000048 0.9127437890035762 0.005386322142786392
75.30000000000048 0.912743786750468 0.005386322030886949
75.35000000000048 0.9127437844837506 0.005386321931996826
75.40000000000047 0.9127437823249893 0.005386321848388281
75.45000000000047 0.9127437803733819 0.005386321780680843
75.50000000000048 0.9127437786795868 0.005386321727695453
75.55000000000048 0.9127437772439507 0.005386321686476584
75.60000000000048 0.9127437760152625 0.00538632165246631
75.65000000000047 0.9127437748958465 0.005386321619805008
75.65000000000047 0.9127437748958465 0.005386321619805008
